10000
19119
19331
23678
15323
8502
8356
697
28790
2468
3647
12407
29881
14490
14956
18137
4034
21404
23759
21561
20534
9196
15303
23545
26725
4099
24487
13378
8042
26326
3061
13125
7342
7578
28552
10027
14986
23198
22002
25680
29232
8796
29492
3502
17330
26445
28405
21634
13193
26328
27902
13559
4097
6864
16107
14058
21563
1393
27295
7529
10848
19648
7372
20447
2765
7131
5219
4897
8012
15151
21738
5057
1993
15595
24443
11297
13576
8426
24840
10912
1578
22903
9167
3736
7019
26246
5560
18185
6623
5180
19571
8933
24533
28546
27282
5117
17356
2546
17488
14282
23522
29486
17540
29540
17592
18213
22489
17417
20752
24241
21611
21337
28773
22226
12395
8083
6646
27956
10642
28801
27288
28660
6721
12023
5779
28220
22491
11899
27266
1768
8208
23548
15691
24918
9332
9452
21165
9933
22003
5330
18170
16304
27023
18277
5495
16887
16520
28742
8804
2538
5242
22323
100
26922
14910
26613
23882
3152
4755
8982
3190
20943
11794
4332
1355
18867
26871
28519
12329
27927
14895
24276
10225
9419
17659
12433
4427
19598
28322
5541
22214
17918
18362
20785
23812
2692
7253
24726
10905
6373
1117
4577
16307
2767
22464
6648
11393
22479
13438
9058
26304
20208
29544
16129
6527
28753
28673
26252
25122
8592
18850
3626
19538
7257
25023
8745
23687
17856
12081
13452
28954
22303
28474
13045
27785
18452
20567
17191
18118
25171
20444
16150
7475
24986
28887
6444
14792
25426
28268
21824
21968
24712
2463
29963
13079
20697
8114
20670
7815
20340
2044
19477
9356
4497
24777
7207
24426
2583
12002
28529
6586
8872
18182
23283
26440
24821
18343
7563
27549
29955
29738
14372
14074
29554
8477
2019
2535
6961
2516
9055
10267
6412
28477
10607
25425
10584
1735
27188
26976
6042
20351
1882
23685
24935
25590
16486
24385
1160
12735
13675
14201
14413
22813
12196
23688
25987
13084
15082
26064
2607
4053
14880
9420
12265
12664
1695
25781
10250
8806
8401
6138
1892
15768
14311
15645
4037
8596
20223
27771
27508
23622
13387
4777
2315
6309
21612
4664
6475
17446
21547
5123
17844
23100
12007
28995
13921
13819
20594
19531
6409
16363
28247
8545
12047
6345
17130
25078
5725
3538
23386
8519
946
6545
1919
20403
20265
10941
8707
19423
13614
7204
28708
22555
25355
6541
16135
333
1
16574
11889
7456
456
16027
13491
5064
2314
28124
19801
9990
12888
16461
29397
23382
26522
16754
28244
2115
9532
1421
12539
24832
1051
9371
14901
3910
23261
23010
6340
12653
25816
23549
15395
26261
5397
15820
8715
22375
5604
3057
28271
14211
21503
7548
15580
10322
8154
13459
26742
7157
26937
24571
23014
7827
20891
7663
22174
13058
17945
5903
17441
6337
198
20026
10090
20252
8071
18101
3318
26744
29903
1721
26781
6054
15551
12832
12621
14095
28648
22832
12935
3546
26447
11009
7147
580
7239
24896
14884
799
4175
5317
15291
12750
19473
17157
15473
5001
6574
20976
13480
5376
17427
3725
6447
7426
11172
18904
29909
1958
22841
18363
12510
12651
10311
18820
13577
13596
562
8818
17309
12570
20464
14472
27788
5442
17110
28515
29200
811
24166
13704
4543
9627
23618
21130
16915
15183
15885
10258
4421
20394
12472
28192
809
29542
25546
20046
19012
6521
20450
14957
20840
28714
24665
15510
14400
616
16647
7522
8465
21093
21539
1527
29897
28464
18906
20857
17704
19505
15852
20673
28754
13810
28316
13092
24908
20134
8216
24004
26055
28634
16352
26612
1404
4613
3172
7882
2455
28504
7183
10952
17445
12680
11985
27413
23316
11907
29610
2809
11876
13299
18811
25675
8722
14488
22006
4137
27886
1481
23592
14219
4236
4632
21953
17144
5196
2691
2543
1342
17374
17300
1445
458
21654
26470
6602
92
22359
20789
14277
15078
90
25683
25210
1239
24219
9638
5802
25884
12607
12349
2942
14166
22049
13450
13926
14732
18246
8868
763
23241
29098
25186
23847
18388
3504
761
5076
28806
15771
1172
7184
1734
12999
137
22644
10904
13706
15559
2177
12679
27859
26865
21245
18239
20563
845
8700
28300
4751
29728
29322
21811
6045
16099
21368
15653
6862
4598
17277
15373
20489
5599
4522
8783
5107
24536
3582
22305
2963
7190
27122
23336
22394
22999
20071
734
25454
7685
27125
27797
28203
26196
23052
16326
14976
28792
8679
10830
15450
8928
21049
23947
1110
29752
20882
13895
17017
20711
29245
4014
12005
4347
608
4765
10240
2930
19893
22154
8568
2483
28863
12958
17407
16365
12114
29313
18759
18720
16060
27237
8671
1067
13004
22844
6206
13747
4173
17307
81
13172
23556
15417
15804
13904
19392
12481
21024
17442
1534
9743
11135
3233
9484
24715
21253
19725
18833
5743
22443
26157
27375
13237
18993
12898
13824
1324
18518
21768
11052
28846
10376
8989
23903
10959
25848
14737
21920
3487
25505
10663
6794
16614
2537
18835
607
28068
9438
19074
6356
8000
7709
25096
3514
28947
25972
24008
11860
9341
12247
6982
20470
3778
14896
21010
24513
25646
24835
332
23623
11821
25983
24509
10863
8067
29203
16513
20202
13799
5838
13465
3709
19798
19120
18183
2491
24927
7444
22893
20034
11339
5075
24356
7377
26552
27529
3826
5595
10456
959
27024
22354
21990
14826
22360
23286
9865
10283
657
24037
6442
14208
6505
8622
6267
14790
24261
6449
7793
4930
881
23024
18028
11891
6726
23760
1860
28144
23188
1643
12284
2262
23595
5251
817
9603
12116
19904
1390
6450
19874
14008
28850
1815
27056
17874
28186
25634
1894
7103
5100
7491
2440
25880
13305
15655
23422
8772
14272
18979
16045
25937
14073
7863
1251
27002
12632
14676
16910
21338
18236
3274
16056
13494
22075
10353
645
9248
8382
16868
24420
4786
29521
13090
17528
24963
10288
21392
20724
21208
4340
20707
2443
24206
2841
6263
5540
8134
17194
23473
17285
16051
29130
24497
20249
20858
28725
13852
2059
7963
2217
8180
24257
25467
10972
15058
25595
1973
21336
8527
1934
20919
18283
15939
13966
25817
8744
4582
28869
17109
17898
23391
10797
22846
25762
19094
22210
23314
1412
2502
29509
18274
14194
20449
12438
29599
5257
15502
27058
19250
3075
7725
15419
8605
279
22686
29295
25286
12425
27961
26746
1086
11718
28919
20920
3636
9088
3881
26202
16080
19535
20730
3359
11964
19190
27410
5127
21538
1220
843
28969
14671
3267
21174
25270
29201
26422
7878
3822
15831
13920
29038
27543
13791
8533
24187
17821
20715
13262
22302
15359
22150
18097
14606
25705
19742
10590
18583
13850
12280
17798
26043
20561
21139
21971
23231
17379
28113
24438
21475
29556
29811
11469
18787
21367
21476
22770
6341
29911
19421
12473
13062
6983
12948
7425
9665
22773
11715
2712
28446
23110
26919
15536
16573
15716
9883
8903
18718
2193
20922
24852
21947
15402
3095
29272
40
17746
1863
15888
5763
17398
6993
24234
22432
17615
8264
28354
6044
19708
22512
10890
12746
2620
24109
2030
4004
22264
1158
13390
12920
22291
23992
8480
14990
14567
18511
25077
12089
17181
14123
14897
5463
9162
11248
6148
24242
7166
20232
22399
19096
28484
13857
7601
831
28580
1428
15520
7051
7232
19946
10363
10409
22622
21277
13196
10243
23655
2038
29379
17662
13889
22389
4209
16932
18737
6295
4551
2376
20156
28289
6941
13466
17636
19697
2418
27580
17617
15538
29161
29724
12949
28624
24984
21803
28172
3949
20889
20091
9324
26121
10774
18178
9347
29072
4806
5497
16247
11634
517
3089
23214
7659
20742
12467
22471
8190
6908
17604
29321
16871
29154
20025
14200
9591
303
16309
23216
1159
1664
3051
24895
17166
20251
12364
13228
23996
12556
15115
24149
25274
9729
21954
27272
18302
25357
10593
21983
10145
25022
2477
20473
11446
18775
11160
27863
28778
13865
2635
24589
3209
1366
27257
921
3806
26800
15405
4384
8100
19878
26677
15461
14838
28425
3079
24432
14223
27650
584
19460
26650
11272
14224
24362
771
25429
11363
19574
445
28924
12787
23426
3527
8683
12809
13017
9085
7971
15562
16850
17255
11946
20827
21802
4350
18169
7324
22966
8086
12506
3743
24097
17117
17340
23692
10677
13915
8987
17894
4349
2952
21281
27102
13436
3453
2077
14960
25390
23210
21955
14421
9377
11666
27031
6353
20150
14595
4800
28258
18927
26885
1655
19136
19557
2721
7196
17306
10782
1212
24244
28363
21573
29355
9687
14066
21856
17479
6319
4003
14939
9515
15165
5518
16106
13020
28367
10688
3583
8181
25374
1561
498
1264
21023
17030
15796
28561
774
14281
29857
15661
15219
218
12278
14264
24786
97
8882
17556
29793
4591
26627
5281
25058
25203
1330
2766
17594
1800
29299
16138
8424
2290
17804
11314
4364
19312
20842
22306
3856
9398
29266
18731
23178
23028
19973
21577
2733
3117
15113
13687
3336
370
17264
18366
29787
9394
8572
8943
13916
6080
3799
20258
17660
7607
28025
16696
10106
17948
25694
7718
13198
13600
16050
18550
19703
28755
13903
12811
12497
1659
18805
9876
4303
12909
25153
15859
15036
2621
18778
3143
29798
23563
18587
10364
18358
16268
9391
18784
8435
7880
19424
21028
29243
22029
26633
10234
26081
2242
25978
6361
27483
10111
7036
10606
4400
4221
20414
5066
7976
1667
3885
840
11490
29878
12924
24656
26711
3084
17243
29375
10118
13219
5841
11892
6647
22725
18439
3270
4504
29480
25254
12761
20073
25126
1830
25783
17413
12616
8633
10676
3704
12218
17270
18671
21286
23717
21171
399
3153
27245
27666
17199
3965
4134
15633
403
25563
22314
265
24298
16667
13138
26815
23795
29134
21511
24477
25720
1453
19
22088
9450
29441
14777
24285
5796
13772
3812
3452
2103
24552
678
18769
9480
21826
10359
7017
1080
11171
21440
25823
8812
28242
13567
3060
1874
2041
4131
26032
6173
27744
698
28358
13688
4812
21456
12053
15539
11073
26832
29852
6579
17258
9833
21252
735
8635
21692
18292
11471
28833
16087
29663
23610
26949
26344
9184
27841
17131
18748
22247
9337
29443
412
27997
27661
23709
13025
24915
177
13163
17882
29615
19210
1016
13165
14394
21428
15321
3752
29839
855
16223
4302
27474
22243
28356
17920
14247
21426
21622
19111
12402
15978
15007
11242
29905
18582
894
8077
15799
14414
5071
1331
18207
20693
1802
2859
26761
10447
1581
17984
27711
23856
2323
14010
11092
1072
23270
27472
1129
2823
28360
18963
19170
18115
26153
15424
29287
26843
16528
1116
13350
23003
5174
22712
12973
16936
21400
12389
26692
22186
16174
21335
14919
27435
17891
17642
24557
20067
17936
21961
27114
7091
5307
22718
19763
16318
9172
4519
13900
22015
5844
29786
26874
28509
12571
15927
29206
28497
25836
16159
4680
28937
8153
12560
941
28664
19009
5433
24547
10995
22857
29037
6693
23559
5078
15540
58
7399
25970
665
14471
4936
12546
22602
17820
2026
12969
26735
20809
25107
20909
22604
3184
21640
17737
16693
11410
19921
5153
14537
27789
29717
7340
27998
12027
4439
28088
19362
15955
28665
11560
19229
12426
6439
23642
10228
16849
11010
2570
12662
19418
10653
477
7356
26907
11551
192
10479
6073
26556
10157
1961
4377
13528
1442
8064
16372
23375
17167
3268
7889
2272
15792
14181
16805
25959
29716
21303
3533
11664
21532
13909
6909
1050
11341
18598
12628
4264
6273
15830
14468
12736
452
23734
1505
9351
18777
29761
9754
29349
19641
2557
17880
10591
24164
28935
2671
16913
14781
136
27019
18818
18812
16367
4171
19770
4356
26671
25147
9060
15772
25214
11720
6467
20087
27343
635
17734
12966
12797
12975
3670
20224
5176
25984
28125
13899
11699
21224
20228
19082
9141
2105
21468
12387
24396
8331
9581
29260
26984
29708
19321
12408
7851
17229
11803
25191
1900
751
14098
29293
1715
1319
5552
26994
1850
6213
6094
23915
27618
9008
28309
24626
5996
9592
20233
7465
23295
16423
19994
25265
21074
25583
11426
2066
23275
9608
10626
27157
18537
16457
19338
24329
11195
7087
8409
12638
19802
19622
18828
2382
633
1915
15400
8604
9280
24003
25253
21586
12793
4555
17463
13627
4499
25954
13585
12246
12369
7508
18849
13822
5060
6131
23719
278
2371
12782
28178
4530
16660
6756
10477
28114
24045
77
26378
6189
29391
1731
15351
5737
9129
12997
12038
10950
8616
19941
21491
4133
22570
29446
1601
5159
15087
10666
27404
13323
18379
22486
8183
7388
21078
7814
21411
18360
20524
21326
20204
12642
22925
26150
21439
12828
8913
28631
23844
13055
9886
15789
16780
16692
24499
27305
11601
26489
27883
5782
29543
4697
9821
15697
22444
216
17713
28524
26292
16886
28861
5274
9764
29244
28532
9763
15372
15500
2788
7629
9782
8585
28448
16984
16264
21201
26488
26714
11122
11916
9198
6103
13990
13222
24767
28763
23787
11815
26429
28116
4745
8185
4265
21422
22325
22122
14806
21319
5366
14455
26174
24769
2309
11427
26828
6025
6183
23845
20054
1153
26239
11324
11665
24977
9154
1126
13805
17321
18783
21591
9721
23962
7478
4695
3935
23781
3016
28738
12993
973
5452
14755
20855
24560
23054
19816
1209
19273
10614
6585
11726
22001
26104
17035
2398
13026
5090
25155
18887
5858
20620
16795
3106
11872
17334
5473
5907
21904
28060
15956
21505
2821
17386
9231
10072
23049
2043
8929
7127
19986
5598
23273
28298
19914
25917
1500
29026
21610
1857
4063
18098
7834
17723
14140
5528
21958
23325
11806
14793
6936
17289
1358
12686
11833
9824
1099
18978
27154
26359
29920
23664
13380
13373
19137
2378
12121
5881
10138
15230
5574
2922
28592
16209
11979
3412
17962
27530
7203
17447
2547
13103
23852
29462
16814
19167
4086
9457
6764
13733
19533
20771
12956
1986
28579
11148
166
4552
315
24435
172
5089
12140
10886
11522
26375
22388
9093
26954
24810
13050
29271
15960
16759
3619
27959
29485
12661
21808
20095
25930
12668
20817
18992
6038
26897
13989
22426
15391
20616
16553
11130
23053
531
22272
23851
16403
24924
21026
25180
6573
17193
9181
28331
3786
19236
29918
8309
13919
22249
18130
3450
27193
11215
27256
18297
14104
2298
6634
28804
15235
23739
4281
8389
6169
24692
2068
5734
11371
3097
14004
4998
22847
11883
17464
20427
4110
17192
16632
3663
2594
19356
7472
8981
11142
6022
27112
28677
23351
25878
19172
4353
9213
17171
15084
17051
27390
11409
1021
14078
22824
27093
3597
20967
612
8368
14253
27693
26387
16836
14331
18106
20550
17934
22278
588
11973
9079
15062
24105
25156
22571
28066
10233
1221
489
29993
9649
10077
26660
990
29719
13512
23172
15621
19576
19637
17607
12416
6333
29171
10086
12854
12413
7028
21231
26853
14256
14705
989
7206
24256
14171
10750
4692
21449
5710
29363
16703
22484
5549
3710
22601
12064
17775
23430
20755
24201
4726
16536
25338
20149
21306
19953
23285
1142
6473
21782
24273
17394
8304
14591
13383
1594
12742
11247
567
23789
2628
440
27055
27370
25650
2187
24688
11390
15657
1114
5628
11813
14683
25871
7947
25195
1265
7015
14009
9304
2460
26164
1423
9619
29452
7170
27899
3246
4945
10883
18716
22482
16992
26392
23725
19241
24492
15187
23280
16817
2897
4430
26019
16311
29535
24622
1997
848
22779
15392
6358
8645
20261
4419
10419
11967
3007
20049
17598
15708
14961
13794
21637
1011
13129
25222
12187
3204
3469
15193
6877
377
18167
29106
28769
2941
9996
430
28866
19286
2269
25321
24108
14850
27005
4965
6823
10715
12609
5992
19859
1489
19033
8061
8237
17280
26846
12912
12391
25372
21508
13057
18634
24295
29285
17068
9992
21674
10020
858
5824
28257
15441
4611
26858
6215
28726
24200
366
3587
17950
3126
26411
19735
20757
8482
6095
4331
24973
25559
17053
19928
14666
15319
19330
11203
6849
16479
15300
8677
7064
10927
13214
29846
6241
1202
27996
8328
5708
939
17367
19678
7156
8547
3229
9634
27798
18745
19375
3196
13272
22830
11528
12769
621
10361
2960
2627
18749
15010
6841
7625
21664
20019
27394
17533
23878
16393
15715
27276
28574
1968
9016
5845
9666
27619
21792
17697
11733
20373
4256
23203
24488
29302
24823
29017
21299
12093
15872
13455
7061
22790
5971
25771
28830
19579
11685
26493
15687
4028
4240
6799
22565
8549
18822
14889
7950
8491
23117
28602
18838
22789
9487
29510
20570
15244
24176
20504
3480
2660
10610
2056
14836
26991
22271
20111
26728
18389
25475
6753
3226
22067
13821
2979
3811
28680
16982
9724
20479
20328
99
27196
23187
25653
23535
6771
441
10146
6718
11624
6061
6675
22708
4022
6757
7635
3552
17254
21427
2350
15858
3506
4422
6092
14443
19471
19892
25007
16294
9794
4075
18747
17605
12764
19066
11041
20957
2504
23857
29173
11543
12396
3137
2326
5046
25995
13785
29760
5302
26130
978
15815
14454
5211
25831
2604
27760
5977
18925
13068
15932
25914
20350
4674
16132
28415
16554
28306
23883
26295
19185
22016
12666
27990
13441
26550
2353
24018
12587
21207
8116
10984
27892
20935
17676
14110
27916
11321
10221
4017
16316
9952
14518
11338
25010
256
4376
2419
16572
11077
5645
19507
29792
17439
28667
24780
4711
10424
9845
26381
17031
1784
23023
6124
5084
19275
15685
28215
6495
1204
27774
10391
22069
475
21712
1368
13231
17688
4961
6142
28637
29828
25516
2191
23866
7344
5499
6188
11221
12998
28717
11405
5771
11089
5369
10933
7228
12682
7820
12921
26748
12978
11473
28343
402
11305
8206
20173
10784
16819
14373
4314
11017
12405
21520
20690
23330
13101
14328
14686
4704
13606
17451
22011
12102
12874
22123
6185
22639
24177
25205
17395
14482
16998
22817
28149
13829
23712
24087
1471
29715
18471
26780
6394
9277
27229
20506
3775
15513
4082
10425
9735
6421
28883
4602
5214
26712
20388
22372
373
25822
11147
7098
4943
7318
1693
6037
2536
7143
2887
22321
12900
19864
254
7665
9340
25543
19851
9758
14341
20397
10822
969
17721
1670
4791
15600
5810
3405
29143
6235
15635
29019
12036
7332
27671
7030
11245
8865
16482
16358
15864
19843
22505
8863
1665
8593
11785
886
18977
15034
23154
2990
24424
4164
18795
22087
21632
2251
23977
6912
7070
24185
13039
27115
14017
29234
9120
8096
11499
9935
17364
3981
8594
133
26834
207
3975
17440
9444
23425
7842
9893
13033
1983
3478
21888
14557
22171
1491
4457
14288
22473
19661
27361
744
26882
10996
29292
2659
24834
4570
11943
18228
27451
18132
3037
7970
8586
3252
23762
20337
6046
242
6788
16348
12172
11478
563
13717
18324
18526
27656
26169
4661
29088
24847
3446
4681
11355
5891
13363
2632
12211
4305
26030
18412
27393
10218
8526
3940
4308
28512
26869
11464
79
6385
11056
21033
3529
23293
13410
20565
5638
29829
4916
13939
12354
29982
14380
11852
12689
11712
18071
307
6734
29347
11919
22688
17499
22810
18797
5225
17757
7785
17478
21014
5065
4070
9956
8194
16925
27098
18501
16240
21481
13732
9056
20640
18900
7927
24733
9570
9284
24223
13329
10056
22428
6650
6737
28559
8520
4955
17116
27532
15755
16581
9605
15055
20262
6576
10405
23237
7993
20498
17304
2970
15794
18637
26756
20244
27915
23648
16214
15272
24158
19728
26953
6150
19696
5482
18123
2886
29117
8239
7831
23113
24813
6971
21766
23797
24415
2911
11012
4509
24075
6203
10508
13651
4931
26620
5553
27812
29378
22320
5719
12384
20904
16961
18804
17510
28704
3015
2087
3170
11389
6989
9339
3276
17086
27630
20522
5729
16084
29060
19200
13473
20671
12031
2609
610
24606
28976
2081
10207
12290
16201
13820
21342
6563
18308
29907
25992
12980
7411
27585
6221
23378
19562
27895
20623
7349
26072
24250
21120
2127
23669
1303
15812
10044
26245
7727
2803
24175
18642
11761
28943
4870
24524
17903
28839
3012
12253
4950
8342
14284
10308
486
3451
6239
13700
19593
8898
18569
26396
8854
29940
23902
14090
1706
25459
13307
25772
12551
10741
29519
12946
5155
18988
27872
4170
5914
22040
17870
19628
18191
12122
480
18615
10982
19861
3440
26361
14307
14424
27265
19560
17118
13583
7063
8014
9453
18083
2489
542
9435
23267
4284
12480
13432
18970
13536
23969
8957
14548
8811
5316
14498
18792
25625
19525
6244
2048
6549
199
22252
29992
4553
25997
11730
29336
26368
17206
9305
7369
23312
15674
15341
26649
12799
4112
26017
22082
26981
13056
22144
8263
18356
1074
23654
22989
14663
16285
23455
9573
27727
592
8214
26276
21891
24800
1743
15791
17758
5894
7020
6437
3493
7598
14636
13995
29929
17584
9345
14149
15415
4244
24110
1413
8319
5856
4981
8251
23646
3365
6762
15484
27963
4285
2344
27455
13040
25084
9907
25961
24159
5338
7874
3083
11181
10071
1626
17908
3696
29217
15098
7997
18480
26122
1083
21230
13988
4749
14845
28644
29700
27564
4962
21298
926
29297
15556
16874
21741
1716
11719
27314
7256
3767
24493
12713
7457
3010
3643
16575
13173
28898
9240
3391
6237
7412
23667
4997
27993
12836
26836
22045
7269
20950
13644
10712
3417
28031
26590
18189
19999
18410
12317
2088
392
10609
9720
2679
9146
22884
20630
1380
26656
6016
28478
7387
15640
10493
2325
14215
8351
13827
26029
17813
14701
7136
22311
18612
6925
20286
26509
16204
1194
12567
22056
25518
2356
28108
8476
5555
22300
20269
7897
23770
7632
14970
12543
13034
6137
12554
3347
102
7502
18227
26232
10693
26147
17105
13579
14702
21457
8634
26099
7604
16055
13440
23038
28187
15001
9703
26066
25259
5701
21868
22263
11365
7668
10847
19520
1097
7016
19047
27331
23223
686
19252
7267
24669
25217
23202
20737
14999
8628
13759
10203
2414
24321
29473
12424
25109
11570
5437
9667
3646
2005
13471
2824
5327
14097
11296
3255
16356
8306
11029
1496
4600
11285
7436
12257
1854
971
10032
3093
23009
18871
27672
24303
10701
2487
27519
20063
4127
25168
11495
652
9256
16388
8496
14292
4466
1785
355
25369
7493
19374
22083
21177
2126
1776
28933
6391
25348
5937
6793
26259
3062
6211
6598
5989
26770
21389
24463
21061
5139
26567
338
23716
11673
25896
19126
7353
15309
3729
8661
5184
5511
11801
27204
5339
10142
11489
10316
25647
25601
20335
22915
5877
22753
5610
29157
10706
20830
3610
22540
7903
11559
13174
10831
20014
22787
22442
3539
2222
22366
1273
29691
12470
20345
24046
26294
11948
16947
6369
23504
11950
13211
19344
6899
16636
15974
16682
13771
10079
258
21102
21412
6525
28076
18794
20309
24868
24414
24425
26582
7138
15688
1771
27522
18521
16745
8147
21147
4169
13365
549
18723
5819
11930
6281
9633
27273
14340
19063
780
6456
2308
1959
23011
18692
24456
23397
6531
9307
18901
1780
3425
1895
10976
14894
12068
8487
8556
13154
16049
22105
18425
185
23207
25813
13255
26732
8330
29424
10048
18252
11507
3768
29012
26120
9125
29630
28878
13609
2304
29880
8814
24923
11034
25994
18580
25538
14629
14396
23078
23968
3271
25572
27901
25219
11743
3058
26762
19247
25364
10438
14643
25714
18853
15366
900
29971
6336
15447
16396
7949
4279
2235
28488
1000
1753
21064
4689
5418
13728
23729
13602
19979
13608
28539
6246
550
23589
13795
9875
17811
18402
4410
21287
25486
7559
24878
25111
9221
23445
19310
19872
13542
940
1014
15782
17986
28276
10620
23831
22596
21467
15984
11126
25623
12113
17455
27073
6929
11137
2669
18289
4187
27913
18238
854
4012
22547
23870
22769
22440
14280
21226
6981
13158
22407
2118
29917
26307
5006
25795
25185
27149
4239
26675
11537
17273
16802
17490
6711
20990
7111
21179
10270
22436
27377
822
18214
22943
3350
4860
14902
23917
2783
6551
3377
14614
17764
3468
23317
5223
24751
6318
9630
3000
5950
28565
28265
26723
4748
1378
23298
13730
2225
10184
6207
27151
5133
9047
12547
28737
10286
18282
24169
19400
15517
22977
27596
7268
8443
14018
14210
27014
21745
25256
26740
11974
5471
28053
29050
6476
13095
15734
7013
17620
17155
18782
1673
6135
23174
21381
11716
19540
24313
17122
26622
3872
26899
10674
24650
2884
2499
3744
2473
17745
17849
5997
25855
19289
1289
4385
28909
14327
26097
6536
7174
15226
28611
8916
18200
3066
29251
24572
11115
22523
29491
28926
9041
24541
6719
8094
27533
5161
7610
14740
25719
12620
20453
17545
17458
6658
28502
19212
4760
14543
1927
12363
13353
10655
10820
22619
1586
9895
16720
24306
19556
1082
1539
17748
1025
12207
22886
27780
17668
26955
552
25252
4507
12677
7614
6786
20129
5346
999
27880
26161
1766
24916
12239
26525
14774
8082
16376
16088
18414
18793
29952
19020
20721
25508
1059
7050
22454
1411
21092
22931
12665
499
23428
21105
790
11771
10066
22677
5696
21325
17744
26691
14642
3634
14142
8975
10040
18623
7845
5718
27793
11097
27524
22449
1818
15006
12879
6512
22379
4102
21194
22652
26154
28011
9563
17433
19358
19631
15891
29826
4020
20634
15797
23619
7214
27012
28733
3418
1022
5760
14771
8576
25114
4207
6251
19846
21769
28505
8894
18714
10816
26133
28427
13707
8391
9312
2987
20975
4342
12716
17780
23829
9388
2505
26013
29609
14173
24136
23170
7941
12065
28643
18815
25100
22801
28628
28301
16997
25311
29686
8838
2904
23963
25342
15059
14586
2152
25089
12417
9204
4252
27351
27336
5748
26352
6225
22855
27517
5578
11156
23070
15240
6977
28009
14593
22612
22028
26572
10943
28768
19692
15605
27802
14602
17383
21414
19107
13598
8584
9918
5168
21063
18610
10513
12690
26123
19121
10151
7195
26687
11700
26768
27694
1955
23429
1279
7907
22357
21633
8192
18910
4488
12566
23296
25599
5007
22021
546
7415
18256
12867
23124
22934
23097
11724
22964
20928
19679
19512
17851
4167
20932
23396
1120
29848
18109
997
13968
19425
16785
28483
17577
3257
14841
3069
5640
8254
29289
24100
13657
3059
3913
6805
17090
3889
5000
18417
22751
6187
17472
20424
21478
18854
9334
2178
12045
25066
12270
8774
24807
6797
19837
20391
19006
2819
5233
2198
5916
2918
5311
1039
2872
10034
18229
5410
16841
18953
21602
24569
4409
6725
3544
29589
1662
27454
26301
5420
12052
12855
16330
9
24428
2438
22358
2666
7230
16203
12244
10085
22329
20229
17630
25060
29986
18272
2451
733
26026
929
1732
22525
19216
24636
12008
10083
4764
20042
23413
20108
21364
9518
16426
28902
7351
29593
15296
4399
12156
13754
12603
10021
20862
7794
13594
3368
11830
29619
1851
23099
24403
15516
16611
28226
431
8416
17571
21045
5106
12330
26884
10124
23971
14937
7981
6233
23509
5601
18765
28820
1165
9653
27766
22679
7885
15027
27431
24546
18843
28259
7225
22322
7097
2778
23600
13493
2430
13498
10179
9317
26668
24193
10232
611
21543
20045
1171
16338
24380
8704
9805
6074
13442
13444
1347
12488
4232
13737
13113
19386
6770
11789
60
666
14573
10272
15103
24320
2442
17762
19302
29242
23309
398
26058
28251
3102
20646
8665
19253
26913
14439
27286
16669
2403
16873
4859
12338
16586
12274
5248
22754
14907
5537
15297
10771
11102
25172
26757
1047
22735
9031
29099
17008
25188
24468
27200
4272
29
7083
78
22057
5445
29175
13153
24212
23056
13605
24204
20890
7090
2058
6848
25151
25920
104
1218
28047
29138
25301
22060
7615
25756
14748
22914
21283
16091
28321
9212
2151
18636
16100
12004
3156
14121
15700
10711
22004
21288
1985
18387
14995
23817
29899
13096
28161
18305
11280
19181
13757
2112
3129
5788
24738
18131
19500
28382
20198
20128
17516
223
12568
14959
10455
13652
28490
19929
16640
14393
7892
21221
3820
23040
8810
26031
15809
22774
1190
16860
1530
25511
10167
5738
7468
11237
8914
18393
7740
27781
8069
26041
24235
19662
17422
4051
26699
5695
27702
6769
25715
14839
5292
13679
28034
21450
25919
1164
5723
22544
19754
15779
25480
1535
4337
27638
22552
25981
671
27557
26408
12403
18696
18814
10852
11810
8289
29402
15428
21050
13923
13558
23291
25086
18481
3840
20698
24258
18469
19058
11128
21909
18770
21453
17907
10064
22895
10367
12266
1943
28636
20255
20032
10798
16229
11290
18912
13132
22457
1339
15254
3990
20248
29964
23319
14574
24146
23639
5373
29973
22970
20294
28551
2253
1444
12914
20452
23827
3300
22221
27388
20324
12489
11614
12825
24086
1754
20468
8016
8951
3465
15188
8954
7022
21447
18477
4383
7275
28759
4741
18981
24218
22310
21123
12692
22412
9663
23333
25244
7513
15940
18403
1889
15446
11113
20964
27572
9139
1094
22184
9350
20164
16712
11707
26393
12784
15765
2772
17500
3891
12644
29344
12727
28767
28412
27066
13996
28139
7681
27411
11498
8663
2027
13042
24598
13362
8261
27590
1605
26054
13520
2967
28317
25597
24985
22742
8717
7868
23583
204
14246
12243
29406
15504
21571
18618
19133
6911
15174
23573
22193
3988
22415
16596
4884
29021
12820
18968
22580
4093
10390
21716
11069
17271
11775
20751
29053
14493
21528
14869
26580
14764
26986
16101
18661
8359
1631
29064
12496
22808
3374
18368
13289
21554
16953
23112
23679
3963
11329
22909
11252
15486
29620
1470
19144
13998
21575
13661
16949
20638
27869
17074
14828
13980
5551
24332
16576
8819
28083
16854
28571
4420
16788
21794
29570
17966
29561
10894
14933
7592
1490
21597
17452
20216
5478
25118
19883
11534
16903
1401
28732
21638
27839
23302
22317
3761
27628
14519
11770
12227
23332
28567
11635
6502
20713
779
20562
19242
1304
9524
26814
10291
21863
7298
28891
18472
6285
8088
16833
26193
7427
27827
5730
8211
16161
3134
17887
19478
15325
9818
7568
28205
22515
9105
12634
27588
23541
492
11383
13972
14397
20300
13695
16884
17539
26743
8900
19068
29680
14596
26006
10682
11519
6199
29183
4708
1600
27965
3032
17001
25525
22199
24621
1357
22117
25581
20536
162
27021
8705
14649
7118
765
5821
27609
2774
22894
29836
3925
16053
3589
17401
9226
4015
5898
18462
25110
12048
24283
22746
24094
17014
23220
22071
18545
2743
9951
23281
29078
15275
10443
12711
5322
13616
13402
10475
13674
335
27900
9074
22351
22842
17975
22120
15912
6952
19290
17486
16259
16540
7306
18284
15805
27399
12078
9722
9165
15795
8778
13439
14651
27552
2089
5946
13663
28080
4662
29395
29523
19553
13589
7854
5177
13051
1169
21353
20774
8621
11357
12558
18821
18450
17097
13324
26183
6335
19257
27381
6870
1829
17075
816
29885
18143
3515
24788
4365
14265
9287
13544
6859
28431
11735
7403
11445
14656
26689
16935
19985
10481
4863
19517
6310
9091
10907
23331
23931
3607
20961
11386
26290
13744
2444
13858
25573
15343
7133
26234
8173
12406
28603
26184
28472
5955
16292
1236
8794
19060
6652
18435
4825
682
29942
27278
13032
24631
10579
9849
6407
9077
12542
29954
20074
17003
6262
2133
19316
28141
28506
20937
16595
9260
7179
10189
13948
26205
10893
7530
11304
4844
9820
14237
27482
25192
26278
16165
26415
3174
1198
8295
26108
14126
3654
16772
17955
3466
26960
8009
11311
15330
25046
25212
29013
21349
26604
27136
10735
11902
14775
29149
28022
10556
15263
6019
6661
13847
15455
21717
19669
23415
4071
29426
28050
10129
1477
12268
28730
9052
13164
16029
16870
17928
6275
21089
24764
27299
22859
6852
4649
9859
27017
421
25134
29362
25575
25860
16286
5485
12139
12672
17919
18997
22106
8797
4111
23614
27037
14401
11616
27816
10840
14529
14864
22499
9698
19442
29257
25873
19626
13699
2950
15979
12719
15305
1886
28266
24304
16798
4039
29838
5405
21172
13288
14321
24113
29494
27578
14971
19372
10170
18334
11484
15897
18411
27874
2867
29977
4357
2121
3507
25875
11598
8656
10544
19857
24239
23528
2715
13013
13845
29563
2936
15902
19343
26625
8327
16621
11647
9959
17146
28904
3588
24214
5583
27225
11595
9897
11144
15463
8785
26371
28016
9521
19924
11625
3090
2396
11014
2808
24711
8557
1517
9485
10667
28193
24195
10037
1965
15245
5096
10616
29779
26666
9748
22923
12602
15413
24696
10906
25934
24746
3625
25347
12773
12333
17489
4000
25815
21568
10339
13087
16238
28589
28853
20507
11030
14427
10325
3750
15877
18197
15085
16335
23410
5402
5082
9096
23306
23696
14706
26676
6800
684
5022
28815
8731
17316
10908
10632
13319
5423
16012
6065
17438
9644
6776
11547
6790
10120
18528
28181
12656
13727
7669
15527
6090
22260
19373
26456
1917
7666
11292
21796
6178
29118
8630
1084
22637
26804
21496
22136
4119
28206
404
20295
26726
4072
3602
29261
5234
28835
22655
18464
8861
4672
29063
22885
3907
17824
28510
10344
10039
21905
2600
21217
12579
24749
29056
13518
28133
19997
26857
24827
29916
13773
1852
20080
4706
11035
4412
13721
269
20791
9357
9629
3815
27632
15278
20915
24213
23403
8339
4596
13376
27444
911
18546
27446
13336
15407
829
18558
23041
19456
18655
26075
26799
16320
26596
24084
5486
24975
7978
19516
8548
4380
28676
1382
13760
19153
27062
4344
20781
24423
10468
2260
4090
27195
27034
20275
22807
26109
28432
15090
16374
5705
1388
10503
7675
2927
23904
2243
14417
14398
21718
5828
24379
8946
9695
10349
17165
979
22611
20191
15318
5191
16863
8495
27668
26158
19740
13597
21409
28498
25005
180
3216
18576
20782
10799
21273
19911
8107
10139
2330
4993
22975
7175
14447
24829
13112
29937
28622
19719
4215
29644
20106
7217
18078
7053
17848
15212
1585
28234
19939
19674
15430
20980
22583
7569
11798
18459
12744
11768
11990
4043
8887
19848
29590
24888
19397
1789
16697
18830
22022
8891
24039
23132
17465
21589
6845
16260
1318
11829
14109
19319
23773
6496
730
3002
7067
25363
25682
13043
1826
21657
10891
16547
10217
4247
1004
17587
27398
1224
27450
9909
25236
15643
29090
11008
27825
11753
23629
8365
29801
9463
5905
17274
10668
7082
9731
11064
15842
23871
25876
20952
6259
8855
6965
2244
26663
16630
21514
23276
15817
24898
26385
14415
424
15625
27840
29104
10538
23952
7661
9249
5229
18243
15493
26480
4204
14450
14944
22111
10257
18882
23012
22657
3766
20086
24770
21295
28003
3681
16406
9719
16470
12050
11755
22405
9792
23211
17396
8150
7033
28822
16730
20357
21419
12292
27745
17252
26977
18506
847
14783
11722
7564
1048
21244
28875
26584
5707
13152
24442
11536
10920
26105
25419
3771
20821
25131
14460
12356
22775
429
6614
14820
4744
15307
2830
14699
25887
6257
25903
19165
1455
22572
1908
3575
19542
25200
13464
11456
6943
22522
17836
55
21764
8751
25946
28606
20285
15154
23645
16413
4406
8204
21480
11434
19095
24229
24020
7967
12695
1414
17606
11747
19387
1229
4772
1821
19847
17593
18096
16495
3540
2697
14363
19750
11015
6830
18757
7702
11197
24615
28313
27378
9943
1482
4958
10097
7753
14599
13393
23226
5983
19145
28190
3836
3245
24260
9643
3371
27148
25305
18520
7222
11263
14952
21499
20894
21596
17529
1589
11350
1073
22772
13533
16181
8675
28096
934
5491
12146
14449
21557
7594
5365
14308
4891
25899
18323
18484
12812
26632
19617
10262
9860
23201
19261
1234
5269
17133
20003
5682
11415
775
10324
460
3421
27925
17801
25161
5460
23308
28191
6871
16896
15821
23483
20911
5345
15147
4185
17004
11217
7396
6666
8822
14646
13291
1187
19088
27494
16750
12756
4876
19135
11199
5308
2289
15663
14060
7326
28824
6660
27328
27051
17339
20575
28541
13251
17543
5712
25307
23978
19993
6141
10331
3043
2261
13472
6368
9571
26044
23465
7715
16191
6034
15718
12530
13208
8320
15585
27907
23164
26181
16965
27323
26094
19582
9888
3356
4474
13136
25011
24455
9982
17899
14618
23008
18628
26618
29701
1282
17006
21519
26293
22033
21084
5004
25640
20687
20525
22811
9255
18672
9626
29785
15935
2137
24869
11588
25288
28162
24929
12760
502
4648
23401
27855
1439
25788
10585
18249
15532
15806
12748
7550
12322
3337
11845
28320
11316
22682
20905
1088
17215
16008
10857
10884
21073
11818
14371
16089
24719
26705
24942
4640
469
12178
12267
6299
24365
29835
1010
21829
29883
28556
27977
10442
9528
16505
10600
11379
15125
27110
8045
27426
465
24562
23605
12324
4220
21778
5919
20884
24367
7750
26271
19769
4197
16071
246
29192
8988
16478
16333
20916
16384
2875
26076
13942
13046
5074
6860
5736
6364
23708
2855
25485
4994
4162
6591
12851
24585
24155
16187
29862
16323
6315
17564
23544
20381
24173
22090
2794
13868
24836
10801
3285
8959
3372
25269
3555
1242
5825
24995
19734
24152
20305
18000
8837
6177
25314
3145
15630
29999
10494
26510
22116
24147
17586
11492
21263
1349
13248
725
24209
24135
2427
26172
9858
15828
24932
20702
27806
14002
14356
19288
17520
18841
19364
26369
13511
2617
10680
25232
21656
27183
11903
10385
1804
22456
12414
11325
20363
21991
22937
3749
14184
23354
24534
8385
12167
23472
26929
1170
12804
14736
7984
25849
19188
21416
10953
28700
7799
21690
5839
13880
11165
6228
28632
13925
20846
24580
11312
22483
25665
17353
22177
13325
7481
3398
23368
13377
19307
11604
19232
6395
7432
21339
14368
20667
26119
14731
20899
3052
19118
16155
24047
3346
29827
361
26758
11908
25014
6876
7488
6657
12698
16013
3251
7335
29614
28658
26829
22246
23263
26515
28610
9503
11227
23786
19944
13635
20155
11119
1399
6588
14799
1824
11046
3419
26826
16633
28329
4325
29652
13155
1967
720
15973
4141
20021
15693
16872
24686
27348
27415
757
28014
25442
13684
1254
28314
13870
16469
10014
8373
13591
14813
5897
10387
26616
5753
16243
11323
7977
24787
3044
27436
17420
11335
14672
12941
16957
27931
24154
1156
8839
11887
1320
12014
27402
29423
14972
11450
11422
6671
10483
22270
15704
8816
19245
3991
4212
22103
24718
9781
11421
10669
16510
12729
11158
26384
20501
15091
27739
19409
3195
26354
17557
15866
14061
23513
13199
21549
18688
23399
25955
17913
22138
23686
8235
22854
25933
22538
27962
13247
9874
17296
16978
7759
13372
21067
22700
12550
2125
796
14338
8770
3536
10599
23360
2526
2553
9944
15726
20287
27184
7696
4896
6570
29938
9957
20936
14347
4573
4569
14861
1935
24398
27025
13758
11850
10647
23467
22041
12142
395
23872
3961
23104
24318
3490
14374
11847
25657
26287
14667
29893
19522
21013
2800
29879
29188
26016
15302
28087
19759
5515
11411
10268
9112
15285
10191
14235
19752
9902
20645
12103
8019
21509
20072
11002
1311
12846
9706
19548
4594
25441
1907
11782
29673
10592
1020
9316
17535
68
28598
29564
26056
16571
3520
25863
18987
17958
6621
3558
18255
8010
26145
14283
15637
29994
29743
23348
4837
6411
3289
5616
11752
21742
8136
27577
4195
24372
21062
8877
21975
13443
5409
10967
12179
22713
3041
423
10895
10011
21963
4041
15535
18733
26594
12779
13121
18739
13031
7657
232
10901
21727
4052
7574
4575
28688
26546
2961
5016
16493
1607
19340
14526
12072
3072
24639
28174
20903
4115
4165
16024
8276
2130
3444
4375
15346
5034
18560
2067
18350
9507
23740
27936
17665
26575
12124
24553
21391
26403
29631
28391
24066
6101
17941
6895
15664
10172
9896
1696
27155
29281
20428
13648
19812
6625
11222
18054
25166
28575
21118
16512
22702
411
10997
143
20767
14768
11101
8915
12074
3857
9702
26167
22173
27753
25072
1834
9806
12304
26014
10093
22906
18018
3171
8434
300
21176
21976
27465
18683
20361
22146
7476
21777
11032
4320
18529
9219
16543
21344
3723
3283
20175
26992
27637
28118
5732
11690
26603
25754
24957
6804
10598
8091
6062
6243
28364
275
1427
29076
27109
3617
25542
12418
9610
8321
22585
9715
16036
28879
5635
22356
8858
22967
23676
9745
27593
619
10619
23490
25003
2888
3633
28678
25571
27137
15164
12316
15369
7655
24134
26465
9325
28855
5280
3989
10866
7114
14765
24761
26238
20068
16719
19378
17099
28090
18174
7595
9980
6589
14886
7922
2603
25443
11804
17830
2342
11605
19547
19168
7825
222
7771
18455
12731
14730
20319
95
16629
3290
286
8453
11458
10444
22531
25340
22784
13116
28243
2070
26338
17718
29371
20977
5382
6627
7829
2009
16160
17267
8011
2255
17972
8730
1724
24328
17322
8388
13275
2559
18440
14720
9553
10660
15355
5808
9530
629
20845
5255
8189
6127
18525
8925
5884
20965
11288
16975
776
15677
17702
6942
25892
14456
15242
28318
9009
21814
838
16483
1280
16843
19621
7177
3592
714
7783
20048
3175
29587
289
3094
5385
14812
16451
2595
7477
27603
13531
3429
2135
10
14106
25334
6839
20643
21704
25312
15986
27432
28537
17621
16518
24417
14188
17018
28426
14630
22274
7046
29427
12362
16001
5533
11375
16231
20348
7732
10219
22343
16713
195
22707
14722
12839
22
19651
18497
26102
5310
4954
1669
7093
6509
12866
21423
29341
13960
17211
2716
2392
20994
23251
22776
13546
4432
8924
13235
23133
5160
11162
6879
17469
2883
22796
17623
7081
9850
20718
4024
17644
3343
28098
24145
14541
9775
7992
10843
2747
1240
6212
12718
11094
13669
20883
11746
17188
1069
12502
19917
14728
24085
13114
21322
24082
5585
9588
12491
9490
19345
3302
3379
9424
13768
1100
20023
12185
5853
26513
12069
7577
18413
20949
2079
6423
19818
535
23029
27041
16562
5860
9349
25679
24299
28274
19412
24397
7678
26211
19903
711
2776
11774
7437
21663
9230
541
21375
16521
6714
11530
25752
8553
26985
4776
6698
16298
11628
13986
28137
476
19980
1879
15386
19070
29783
826
11890
26683
28282
11236
7776
19655
19778
10356
3712
22863
438
20680
21127
22204
11509
21200
5831
18667
10136
28770
9923
10983
14531
8098
5455
8418
19604
3813
6372
10466
19992
28097
23934
25432
12703
28418
25519
15327
2869
17183
23219
14016
20816
24079
23352
8463
15748
15739
3399
28882
24722
9097
6223
22008
25638
21524
25211
9881
6224
15531
29854
8510
13961
3657
13003
10836
14146
20984
4637
29353
28783
21215
19743
19083
15544
3335
28102
11843
19682
1995
12190
4942
8859
2626
12262
26934
15211
20472
991
23956
27242
150
15753
10516
26764
4759
8317
18996
20406
13697
4183
4919
26497
1032
19504
28743
28787
12448
26914
25804
20209
3863
12163
2098
8231
6826
2071
8363
20603
14583
29821
13613
1686
24065
18372
22721
10472
28476
18382
18554
26502
21187
22453
5966
12226
1562
4388
8186
9527
18581
2812
26428
16102
2713
3262
23147
15634
18069
23514
27240
26891
26274
20710
3528
57
21823
18738
26990
25776
21406
29855
23265
11677
12299
12671
23577
18351
20934
11820
3972
11461
2842
12097
13141
4851
28117
20367
16266
18956
226
3036
1223
10926
19511
26559
23146
13269
9505
25851
10662
13924
16371
10074
23493
27731
26438
4822
13543
13404
23303
20998
18062
16954
24300
24804
11756
18338
19955
22653
27958
4550
5250
21204
5752
21938
3212
20659
16661
13216
14172
21437
27955
20541
7541
17239
14259
6064
12352
26496
26491
14559
16125
4429
14940
189
11408
10924
16142
25490
4986
21236
13519
28897
220
26549
19464
12710
24999
15358
15920
11998
15105
26730
7129
27804
10383
1359
11168
570
10156
7857
937
1574
14637
15593
1406
24249
25844
28794
26586
25503
12936
4540
4251
25656
21357
13335
12303
10116
7408
16016
2331
2472
27514
28012
5756
3259
6944
25225
21090
4579
26339
26566
6966
18080
4564
15162
29089
24055
18254
14973
8857
14216
5932
18407
9919
8508
4460
23516
5863
29224
3906
27443
8414
21531
11826
1435
29769
13962
13293
19884
19580
20482
6546
8620
8786
22197
500
26086
9068
16188
10377
21699
7176
26551
18441
25068
23508
296
17914
3691
28681
2552
29877
10370
5720
27289
3762
25409
28330
29525
4590
19566
17019
19454
12827
23793
7636
12401
9211
19112
13689
23628
9404
23279
5358
462
7496
2913
16277
420
14822
24971
3953
25181
29818
27263
27379
28246
25839
12771
14392
9416
24014
25584
24941
7392
24203
25234
20927
27239
28832
27982
6523
28326
18753
8866
5426
9947
29178
23757
17223
24721
5597
16235
22738
11150
4654
29469
11231
2281
16933
2364
17184
11888
388
4330
14756
28138
15031
1367
12947
24227
8949
21793
1188
13683
17953
15620
4653
3105
4304
20289
18584
694
17081
7724
15638
26905
18237
23724
22313
8270
2061
259
7461
12215
28881
19543
797
4007
9556
10045
12305
12360
16983
1926
17406
25921
19067
2467
24875
23937
20684
16158
6146
5867
22993
14661
9207
1540
20597
16183
20217
4532
26373
4879
8852
17689
25012
4878
896
6307
6293
21058
3924
29220
29398
7832
2214
9437
21834
28857
2341
24765
5507
18342
3394
6393
8667
23363
23469
21667
24042
3678
12088
13204
12203
19350
20872
1079
15467
1884
11475
21317
25318
28788
23617
24459
21500
25438
26455
11606
11139
8530
10469
15416
18562
3022
27510
5847
4774
17979
26212
17164
21320
19391
13711
15129
22395
1284
15271
17136
24021
10970
26755
14301
14049
23602
18874
21234
27945
2923
5293
15328
3244
15886
2836
26254
10555
20316
23620
17275
9153
23761
12083
24310
3241
15252
2276
5172
13738
10611
5715
24170
907
18955
2786
9329
4601
756
25885
27161
25524
2183
14300
20438
18003
3411
16093
7818
20665
11879
23453
29892
5265
25591
8164
4313
28905
17664
18322
11749
2429
25320
27964
7784
13271
15777
2811
9300
17221
8360
13240
6700
16149
23466
23779
7400
7539
12186
20769
24059
17114
2124
7811
26309
27922
13156
7383
5404
25735
11404
23
5941
27045
11070
8992
11262
25229
16466
8113
6494
9087
3430
26667
9276
11342
5631
18547
19806
12816
28876
700
23176
11352
23184
26156
931
17012
20212
6459
7764
20953
24794
24279
20676
20735
9711
252
8003
10646
11655
1946
27487
15009
13778
27565
5356
22253
18845
2212
922
16930
15089
11762
19518
13313
19486
3397
1350
534
13340
26747
2509
29092
832
7778
18881
14681
9268
29601
22500
10880
6359
16783
22979
21144
20619
29253
23877
12835
27203
29110
16616
16445
8315
19875
21880
23632
3918
22096
4453
17169
25400
8268
24818
5048
28916
13187
24960
25469
11529
13686
25178
12778
183
15161
11638
704
3513
10535
3734
17629
19341
27819
18553
27497
6537
10482
27346
27262
15534
7713
1717
3915
27269
28294
11597
10215
28928
10839
20970
9183
759
5922
25845
8318
18158
8574
5892
7452
11629
26678
4798
16912
8716
24349
5461
17917
27387
24460
16153
6939
25703
11238
23183
4246
12436
27738
12705
21845
2519
11607
13304
23277
9373
24040
15709
4216
9132
21314
22386
26605
1875
7673
2408
26335
12000
23777
17234
25266
26589
15923
3042
28315
17501
12754
13405
25522
16508
19100
2779
15420
18193
10917
27279
19741
61
13366
13983
28030
21212
24956
23169
12269
6504
15615
20243
14690
13898
9901
12468
11802
20493
20810
18889
5264
22223
5614
26039
8950
6759
15610
4030
20875
14815
25907
25870
25789
17459
24350
18140
20685
4343
26395
21916
281
6555
20306
28312
26565
9852
12451
19177
25149
17373
26538
3456
23909
14275
20764
26288
10345
16400
14025
15774
28913
29079
91
28333
20694
26793
25603
29011
25936
22261
27207
10155
9039
18502
2602
1028
9440
12273
11778
6118
26541
13075
12728
29865
15701
25842
27811
2375
11793
8712
23093
23443
21675
18048
27992
16563
21444
21923
10459
6898
24647
13504
24527
6518
29853
14941
6085
4914
9587
9410
5643
26350
15703
26940
27575
20554
27190
19803
24157
1332
21346
18418
15132
18044
6787
8227
24597
14430
8579
11441
23502
8737
12884
24954
22672
23144
9983
28156
26432
28868
4451
15721
18392
22542
3867
15853
604
6314
526
23033
28436
20199
26020
17207
27703
3785
3686
17058
15097
20971
2870
24937
9493
16081
23479
15019
16897
2108
12614
26002
13848
11214
4455
19052
24231
10279
26460
27537
6938
13510
5258
13408
1671
14378
25099
4531
16404
9832
29055
1680
22786
22685
16808
8952
27679
11114
15146
14241
15333
21184
3432
15584
26382
16346
18093
10051
9551
394
3800
4830
17232
17147
8332
482
1593
9998
8329
236
18329
21015
27929
24593
3878
14885
9773
7283
24386
17873
27688
14928
8625
28647
28180
1523
22984
15736
22564
28533
22791
7571
29020
15525
12868
7027
14780
4495
12295
16620
27787
24034
9254
5440
24760
16858
26669
9241
22697
16514
10796
9786
29396
1081
20110
4033
5036
29304
14329
5271
11044
15472
24107
7357
25986
14030
1232
2989
4254
11714
10888
7744
2958
28593
21735
23268
3304
363
24848
8923
9607
24566
10637
3846
1181
9017
2268
12373
3923
26614
23284
11081
1516
24248
20818
11790
8768
26820
17162
5514
10594
26716
22694
7265
9611
29172
22741
5323
24884
4382
9322
17728
22190
27499
13243
1228
28217
569
4902
11784
24996
16881
20418
5754
18909
29943
28189
10546
52
7208
3428
12987
22946
13489
25076
17140
12565
23873
12085
11585
24859
6973
23081
2169
9682
29414
22728
29527
19264
6575
21046
12887
22064
22985
12051
10519
9499
27937
14345
11858
12627
25536
1102
11740
18105
18020
18533
22406
17796
3593
1904
11483
18595
2186
16262
29449
15201
17674
963
12670
782
28934
3370
454
16951
25246
5961
25830
4881
24643
7652
19523
28445
29080
1049
728
1415
2439
14927
28803
12020
7985
20801
2518
19718
4869
24224
29339
4893
12765
17512
9186
23407
20555
3025
5108
597
23657
21650
26134
19791
25489
20035
20466
10829
2757
16733
13379
5520
4235
29111
14145
25686
23134
6603
13296
4282
11983
3664
23608
29418
5936
15576
17382
23785
24860
7585
23102
3191
19268
19049
17292
19938
22417
21890
28100
1313
29401
5875
2756
6015
6155
4987
8695
10017
25770
15895
19318
14735
26227
2900
26918
1308
11381
10320
7866
5038
10117
18122
8205
28698
28370
29856
1244
9712
15439
20863
2525
20276
28724
15622
19431
837
28084
14032
28685
10506
7770
1258
14687
17363
9545
10837
22910
20618
4401
3578
12537
15882
26190
5329
9808
14819
28684
27725
7453
12619
8760
10875
5929
29810
13527
9885
6145
1019
208
28173
16310
15783
11729
21530
19915
12298
22215
4116
1841
20600
7859
15870
16095
18409
14484
26779
26320
21133
4670
1656
22297
12894
29791
14453
2239
11653
23269
2816
24464
1914
13419
3127
16249
21676
6291
2014
12526
23732
11542
3765
419
15583
18222
19346
12490
24237
15396
28710
29101
4604
8829
10403
16767
810
20800
12503
13501
24948
26862
24683
5378
25391
19982
7279
10388
19035
5328
13426
16797
18271
25032
10489
20290
18915
27089
4009
27374
27953
319
1612
20170
14112
2945
25330
2590
12739
26168
18483
3309
22131
4980
23359
23458
7244
14718
8493
644
28782
27803
27358
16979
9676
19174
29196
4892
4318
3173
2000
18201
20370
25127
3742
8188
7532
20706
5162
27249
27243
11402
29939
14981
23356
7763
17402
7518
16193
14317
19549
29790
15061
12223
6772
20454
14607
4286
9582
109
1298
268
4808
25833
25977
6396
4970
26478
167
12234
28469
7622
18869
23305
12726
7371
19699
17050
29906
15104
17673
24850
29772
12493
11125
1008
27563
13625
13398
11218
7290
12272
4345
7031
12767
689
27007
12758
3315
26967
1297
26932
3242
16472
16143
17614
8979
17759
21852
12104
28171
18260
2965
7560
12901
13027
20040
1167
618
22820
25643
5837
28019
4792
25332
2739
9652
860
2010
4471
17638
26933
23434
13265
21019
17497
25622
14852
13290
6265
1839
2140
3834
3808
15265
15934
15221
3464
9113
17731
17224
18485
22524
7130
7562
5244
7054
25658
14511
15541
6802
13322
8696
25598
14067
28931
11330
9004
4805
10462
4297
4201
29105
5
9662
7807
17886
19326
8732
3449
1009
18
766
5728
11417
8841
8379
25642
21810
26208
26851
2228
10522
13321
5128
23148
24882
27733
3086
4756
20527
17637
8966
7938
13223
14298
12575
7284
15445
12520
11783
11201
24395
182
14133
24922
5282
23436
4967
8955
26269
6049
29417
7774
23342
29342
7590
18004
3855
8881
5398
2333
7736
18129
18561
29358
10633
13259
22127
14202
24375
4799
1474
10925
27470
14965
18544
923
29900
12549
1942
11645
11989
24796
17113
17295
27447
14176
18025
28600
10006
8947
23818
24057
4946
5546
12235
895
17703
22740
28292
8654
14538
9145
15949
12878
26113
16498
28007
26340
7346
28936
13406
10415
1385
25612
23713
11327
27714
20494
11027
8985
9648
28075
8334
1810
23055
171
17360
13400
23417
25279
5928
22299
25146
25135
4323
27980
12790
27636
10578
21122
13469
6053
29591
22027
28703
5029
18817
29033
11941
3314
6865
26623
6133
27032
25999
2655
14034
19632
3406
1837
6066
20798
26588
27566
18168
21705
2986
6296
18886
23488
12141
17839
1744
19954
3543
18865
8378
4809
19964
8217
1644
20930
1078
23788
12251
27003
7379
7095
22277
7627
25960
9412
5840
24633
13500
22163
28295
11808
15875
26702
12435
29364
10809
22267
11270
21101
4699
21266
21908
22912
19161
18279
3884
25507
5849
17686
11688
22438
5956
6134
14316
12931
29270
6462
3966
20529
27716
4426
25453
29962
19839
10553
15171
178
8462
23167
15508
17691
11444
21358
17554
8759
1677
4957
25345
22338
378
9767
8371
25464
19690
8597
6609
23478
358
9934
20763
21672
3584
27268
9308
16944
10725
15295
28296
5189
16974
7128
13345
5969
20301
15468
24033
21363
2668
24880
16769
27724
1296
14837
16351
17121
20867
15919
19943
19337
17126
7025
6026
18162
18024
21892
14946
26059
27298
9870
15916
26258
17760
21994
10499
2016
23072
26682
7613
10052
12886
702
14183
4448
8008
7812
18408
4737
10934
17565
15169
8517
26049
14377
23543
29558
13646
29635
5660
27198
15111
26370
1045
4025
21988
18975
19021
10041
1571
26353
22642
16608
27852
2184
12090
10640
27248
19810
26569
20282
29604
25596
14228
6426
7612
15618
14767
7557
1206
17336
26249
7850
22826
9459
22557
7218
12056
21040
5995
2393
11354
8800
8375
9038
20839
8994
7300
14205
14865
2584
19370
10255
25724
16775
21126
920
13840
20200
24341
7271
3307
28612
14823
29861
7260
25470
14180
17038
14304
1602
18067
25063
29267
240
18314
8644
26608
5869
24833
28721
444
23126
12314
2796
1238
17108
4103
11515
14827
18304
22392
6130
20458
3441
14830
27417
8313
17143
18445
2673
4887
24601
21070
16830
14046
7311
21651
9200
7511
22422
25052
11671
7527
17308
13660
19004
11565
28166
12720
20750
6105
2582
9278
27949
3194
26530
4627
3596
8300
27097
7921
19196
8432
29195
23702
1855
26323
21942
20264
19895
5015
8233
20481
1501
6803
6604
28433
8779
19590
15564
15083
22289
14825
28428
13599
28884
28443
4628
28988
13392
1472
3319
2465
6297
6835
7915
14118
8293
9539
29988
5653
27795
16530
12896
15000
1369
15761
17302
400
9151
4414
21757
13866
24732
3977
11552
19207
26817
624
3556
6615
28697
10826
13346
455
2640
19403
10195
29413
21170
6815
3228
28081
26101
15730
20505
15758
22353
4852
23748
25910
6011
20161
25281
19764
3876
25913
5231
10716
2437
25593
15769
27231
23764
18317
29102
15442
26095
16803
5954
13343
14185
5733
23858
9189
16725
17733
23570
883
11169
9954
773
17328
5466
3658
1520
13294
24470
24439
10769
12422
24624
24710
464
15917
4790
8358
27221
11764
646
1400
1362
18319
25958
16169
2784
12327
7975
24857
26852
24741
4856
17865
29969
16343
8870
4633
11430
29159
12667
16559
13618
15190
14585
18791
12738
13719
26640
26084
6962
19844
29803
2174
1416
12685
15320
21149
5431
5077
2389
24282
26439
27068
29996
17384
11744
29408
356
25742
7380
6229
23439
18503
22506
29390
22924
25249
25354
15921
8534
20500
29643
25082
11098
9449
8583
12075
20234
15573
1636
87
16111
257
20582
14470
17485
20332
26880
12918
22503
26734
13267
12432
2053
4191
4607
26704
3999
3954
18948
11228
22543
13286
21276
6454
19103
24782
26126
18454
28925
23278
6332
2684
8598
8773
19513
29442
29640
14156
5766
19143
12500
27108
27300
16899
20093
2528
2736
24161
18244
26534
18991
12160
29122
2560
1846
9417
72
2998
14609
28991
26303
23215
21076
18510
19458
13118
334
23876
8415
15025
24894
3838
8878
24874
22496
6030
5563
28457
26925
9537
6298
24610
18965
15
29052
21003
19845
614
27644
4442
11670
8821
1630
23431
8193
251
11933
9482
21418
184
24253
123
7523
9523
12649
4125
2085
20180
2138
4667
14206
4227
22615
8092
17061
10373
9361
887
8511
16766
27397
21604
21725
2589
11710
15072
7234
14236
6326
19583
27111
12079
14613
2113
25293
1543
20214
16289
28938
21839
10307
15375
11382
7100
12717
15907
5403
27092
27971
29382
29279
10282
18029
18826
2385
22851
21268
836
13131
7545
28353
9534
19863
25717
24910
29780
17242
1449
10303
25015
17483
18458
2531
26602
2433
7631
25874
14696
13977
21687
2232
21082
17773
20140
7662
17345
11566
24727
19419
14742
12313
10842
12241
19595
14906
20211
20996
22220
3882
5721
28930
16359
6376
8588
12
12561
583
21356
18670
8035
25564
8791
26210
5692
5864
24354
1335
16551
10230
4528
15293
7316
4514
7164
24050
25560
28576
18181
12545
23108
14664
14887
22699
10700
9389
17115
24246
12890
3485
12345
6922
13993
4675
10224
12331
17380
25169
10290
19680
2817
23362
22420
7883
25767
23135
21112
23633
22225
4267
9259
4372
9594
25184
572
22336
2102
6544
10718
639
17076
1817
1867
10966
17154
17855
3621
18300
16096
4716
5795
29040
5951
13539
10033
28862
17521
13120
21606
16765
13981
17085
4358
4065
25213
23888
6079
13954
16175
20760
22055
26401
11795
9675
11840
16028
19176
27063
20651
9382
16857
6463
12683
19222
20787
11955
10050
18914
1323
26366
20303
8479
5027
10144
3936
25323
19640
11975
22698
18651
8246
25283
5647
18877
20677
17471
12548
28819
21125
20865
25144
20892
19657
330
25651
28061
28538
9029
10178
19248
202
27352
21671
20657
15435
23822
27493
10227
26345
6814
15720
24323
17161
20811
12150
20829
19561
16717
14762
1827
12709
18807
3557
16796
17092
7817
3253
26952
6436
27013
8362
23607
25982
7873
16888
1989
29681
967
3874
11521
11374
24867
968
19447
26805
9506
27270
3217
18986
16988
7469
1897
1139
19101
5587
21077
29932
13009
21081
9604
5671
14177
22561
908
14703
5035
9267
26372
9298
5543
21708
29870
26718
18682
27815
27696
23966
5605
16267
9945
6964
5918
1690
16976
24754
7551
4180
19508
7121
28275
28487
24508
8162
14151
8580
3321
9262
6321
11068
10654
18152
19365
13292
7936
9170
16922
9816
26298
3107
22282
24523
149
18135
18729
16167
6482
19787
22126
8784
28000
24838
23468
10380
28666
19813
5145
7708
6935
10081
25456
24339
10216
416
3613
3139
13194
11443
22919
23961
6469
28165
1213
18954
3112
6535
17710
3286
14092
26213
17361
5114
11576
10181
15184
746
2417
13601
28829
1370
16877
18931
11265
17837
27264
8405
15149
16590
3860
18291
19249
6488
4889
16995
7788
2953
10858
24940
16097
23809
8109
7404
1462
4789
23372
2977
22834
4668
28422
27850
3632
28953
12099
29320
5341
235
16907
4709
28159
16940
14892
20311
22370
13233
24871
25433
23318
21027
20011
15533
5731
8896
4478
3210
17067
10683
27230
15490
28984
29571
25854
7989
1782
20004
17967
14925
28789
7912
3050
21083
12110
4693
18463
2975
29832
19116
19496
25339
27113
28281
2167
24270
16418
21993
17973
15798
26336
758
25065
17000
22681
19546
5259
15581
3004
13086
28871
10552
2521
10899
8464
553
2052
20602
21992
18922
1476
29133
8346
4178
1969
6406
12648
22887
16116
10993
19014
391
20334
26308
29498
23568
13261
4875
3853
10183
23107
3864
8555
1560
22493
14581
21153
23262
29317
1728
13007
17646
17550
12527
20308
4676
24192
518
25267
5680
27047
24645
24023
28135
27523
10569
23774
8501
6365
10463
7856
19942
23965
11161
2171
9306
17180
14384
4326
21960
272
25039
16524
3433
13715
9048
18386
27484
23414
21309
8978
14051
28834
8523
21183
1243
26642
16152
15684
17541
13226
2316
5521
19869
28959
12477
13091
24939
5982
17961
16853
24934
18722
3471
6398
4237
15967
5254
23405
203
15237
18761
23647
10004
26454
13457
18522
13166
12814
4834
2259
24144
6733
2415
18266
5739
6710
17429
24472
461
26203
24723
24730
14187
2172
28127
15807
4317
974
29511
19891
23584
14139
15567
26715
28896
25483
23864
7969
20881
18674
23776
24062
11040
24815
14197
23300
5896
12238
10115
22161
21135
3401
16558
4877
1807
1620
13167
14700
24993
21462
729
767
1622
7407
20947
1742
19965
1475
15614
22238
26738
15850
16485
10572
15654
5363
13239
27209
19702
18043
12907
6684
11260
3650
20895
13619
29642
15568
3759
14491
20036
18084
22793
26889
29263
21913
28196
7972
17185
2661
17755
16202
13078
118
181
12785
23936
17127
18697
26739
8662
12938
15790
7424
16602
6106
13837
14107
18513
25449
20089
1261
8215
11934
22485
8603
9555
14258
2388
6063
25758
6342
29886
21660
17213
9263
18294
4520
15093
29324
14650
13431
11600
29218
18156
29448
16556
19000
8174
24774
9173
28548
14565
5675
24194
5883
10871
27181
18534
14037
12429
6548
3559
4224
2234
21772
26316
600
7982
5088
13872
17944
25451
10807
26112
29151
2069
224
10389
25179
1179
6143
10241
17495
16251
28037
13557
21582
12584
21066
14143
17024
25866
23631
9828
14734
23951
1584
14578
20263
6290
13310
4556
26080
4493
29742
1374
4814
10275
8006
8023
18114
24881
6513
25965
13253
7538
22335
122
12734
28523
12323
15086
211
25535
15569
5798
8119
25721
3939
8428
18613
17672
1054
26286
27233
3505
10019
22978
19451
4458
28865
19876
19379
5439
15077
2006
9384
13650
955
15590
14461
21555
19472
27365
24277
2597
7642
25418
19587
11865
24259
29431
21374
26285
20683
25962
16347
11957
25938
7417
4469
8999
27006
16552
6114
11433
12928
9525
5704
2211
25208
16452
22879
29603
8055
8419
17866
5044
1701
11594
24132
1145
13190
1712
18234
11835
25140
26557
1002
17690
16414
14824
9291
16566
8589
8938
24518
18608
21376
10559
8466
11273
24709
23814
10330
18090
17437
25410
17724
22430
28971
24578
10505
20682
21025
5305
9900
5978
622
25799
24713
17793
70
17850
14710
22625
19854
2781
7520
4975
24521
27167
5072
4622
16206
1948
2236
24017
13604
27653
20429
28975
10944
19191
22390
7039
29664
18606
8350
12420
13875
21545
19255
27159
10981
11924
5698
7881
88