12000
19663
22589
23886
16376
22164
24770
4840
980
19788
7781
22920
3211
18375
5722
11709
15724
19453
12227
6465
19081
15829
17170
14346
4581
11985
6106
15290
6279
16495
16752
17521
5570
17979
4003
14710
22499
19473
17626
17543
21833
23979
7195
11303
13661
24977
9796
22029
10067
16692
4813
6924
15402
10849
11112
22205
24298
819
15156
5815
23320
15194
16517
171
20249
15274
8783
22882
16583
23299
1828
11736
3044
7247
9576
11963
22886
18364
19646
32
20546
10957
11753
22734
18968
11163
9339
21321
7790
19372
15896
21857
23426
17901
7347
3422
11962
7064
21794
22907
5446
17579
19940
9816
6904
8426
18632
10836
15145
5968
13351
2148
13171
4703
23278
22601
1497
14734
3642
13109
20037
12271
6836
9
11755
113
1669
5489
11005
12107
15267
2288
3514
22115
8051
22047
18034
12971
24872
21368
20845
3034
11881
15967
24662
7108
21542
2126
544
6606
9207
6813
11404
22094
19488
5474
14276
9697
15108
3796
16868
22973
10413
7774
12632
155
4632
2410
23697
22160
10434
12097
14382
11506
19506
9787
14190
15134
21333
5127
22478
22923
1952
6811
12856
5505
24545
14791
11639
7577
24301
20983
632
24121
6861
20672
2789
346
18547
11472
23245
23966
24426
11877
7057
13006
24810
2069
4808
3527
15561
18660
10602
24142
4399
8687
16682
16568
21308
688
16276
3844
13093
23884
24207
9022
4531
22377
5588
24195
18251
18032
15606
18507
12359
13052
9742
23543
6019
16351
23809
4995
12497
237
13198
3511
2592
5708
7864
8781
17734
19218
24087
23700
14860
21022
8918
1266
5468
3285
877
17539
21900
21673
22458
5769
18242
338
15207
21977
10778
14634
11029
6996
271
14036
14498
1353
6486
16360
1537
6788
19383
21631
21578
24778
12543
600
3741
15383
15121
6212
15825
6198
9565
22064
13068
13076
20713
14121
17027
23660
13358
7269
3675
3313
16355
21890
22334
15791
7620
5412
22935
15107
2152
14039
2424
11817
15257
21318
3440
17314
13508
5711
7039
9082
6176
22169
15851
21759
9232
6610
18348
19461
10899
3185
13965
2886
1832
5458
2966
20188
13278
18685
8450
13217
8883
18041
23110
75
6650
23788
8343
9296
9611
18319
16951
8801
2770
16725
19972
4471
23332
18836
3874
1260
8139
12231
19215
8276
23024
1197
15473
3149
5942
5234
5542
12583
8930
2451
20149
11687
10091
16166
12747
7372
9245
4228
5228
1841
18531
14358
13420
13718
19819
11372
19131
8512
23085
15394
3973
17191
2071
20467
9940
23330
21437
13094
16751
22613
3721
380
6247
19013
23335
14078
7589
6301
12874
24331
17443
21651
6514
18691
8920
14370
8737
19428
23093
3253
22902
12218
17413
5537
8203
11665
23624
4966
23154
17618
22620
24179
13039
13824
15541
12541
7279
3852
385
18663
5706
9209
6908
7112
2605
17801
14760
16589
14469
2741
15488
9286
15911
20311
4507
21529
11118
4691
5160
730
19618
18529
16687
15797
5637
5352
23639
23347
6720
7686
4784
18974
2815
6070
12187
2811
6183
22802
6203
1514
23904
18280
12056
403
21937
8257
19457
11865
15327
9180
6551
12242
21322
717
4071
5483
3217
10197
12221
2327
4675
13483
14052
12492
19420
15865
24723
18430
19937
18728
24806
10334
11689
13560
24383
16763
14972
17174
15170
2540
19358
11018
24255
9722
8632
17724
3848
20553
14965
19894
17552
3435
406
13158
3317
6425
18706
11570
7579
7561
24164
23506
1000
21935
20053
19090
15307
11330
12175
2587
6110
15131
21508
16294
24892
2845
14583
4602
19795
22681
10157
7036
24952
5848
12018
19499
14869
11821
15229
11295
16907
3204
6414
24805
15294
6145
20355
18786
2594
6441
11423
11237
14780
2889
15113
22765
1404
16566
8845
24450
19602
10347
14359
14387
16758
445
2177
7337
6725
14816
2982
7095
15989
15781
20691
23418
13306
17541
13473
20357
7806
20296
5748
9058
19074
3123
7077
6661
4086
23119
570
23228
12699
9041
5642
20105
18891
10468
15902
19511
10332
6241
15100
22655
4156
2971
10316
13180
5918
979
11837
23693
1659
24998
9860
4651
8797
15048
13633
9499
5015
21500
9817
8341
7855
7309
14820
17008
17077
4020
19121
7474
24324
10775
20836
9539
17
18059
13438
13253
12796
13380
9349
1749
5161
4979
4105
12316
5033
22044
18947
24901
23225
20202
12607
13493
9917
21627
17641
5948
17606
17057
5598
24867
6480
11618
18405
5117
19304
24608
1421
6779
15161
13084
13204
15085
10225
9845
4963
16826
5173
16077
14646
23801
2523
13567
16027
21005
20298
3207
16466
6838
15671
15596
23780
24712
5313
9776
12348
21216
24009
7877
20422
7792
1027
23166
2988
6205
12853
18739
21434
24542
14255
9797
15848
9647
22505
23389
13698
6105
5060
4028
18870
11322
2098
13201
16545
2322
18004
16514
2571
21204
20301
19869
941
18250
7508
16309
22194
9600
14203
13678
2722
11135
611
15767
869
11730
10
10883
15674
22251
5843
23545
20334
1248
17985
530
5616
21560
10131
1006
21021
11538
18475
10955
5107
18896
18979
15906
16491
4991
6922
4560
15683
17830
917
9141
12274
20101
24245
20370
22858
11421
21617
13418
20993
1175
22682
12941
24571
5400
17573
5258
16253
4800
1284
10372
7875
15847
16518
5947
4487
12468
144
17455
14467
23969
9461
11452
5333
12844
15084
20303
7157
8013
553
22751
12489
13717
24832
11168
3932
24056
4007
2491
11518
7650
10077
7945
13535
23344
3390
9427
20109
21880
1973
5253
20337
4183
14478
16934
12297
24797
10003
15682
2366
13818
10806
1921
14324
5513
9104
16768
20964
22811
24679
24833
1768
9302
20712
12809
24479
16429
14384
7159
11568
13908
14073
20173
10170
6310
1688
8981
10520
11370
14824
24090
18127
10390
13506
6148
19959
96
5265
6663
23443
14292
7495
5413
11420
11478
16523
19086
727
19901
2617
24225
5520
23458
11594
15980
4886
842
1871
9053
21032
20261
3354
19016
6628
11397
20777
13593
21805
1970
15970
7512
5609
3333
12421
12964
17917
23006
13288
22197
15663
9543
2783
21575
22648
1810
17519
1799
18935
15497
7081
14930
9408
503
10846
8044
1554
8670
18591
9612
19773
13977
14102
8876
22434
14074
18123
1908
6027
5901
16400
21584
11514
21749
19443
15029
2281
20209
18509
7872
2546
1609
830
17471
23509
10038
16745
3384
16344
11965
523
8932
209
12037
18223
18423
18677
15504
4346
5701
7739
16234
20963
18812
1320
14486
3881
12361
566
22783
14627
2156
3918
20834
20161
9821
1619
12826
4836
10739
5936
12086
687
14001
11256
8533
8892
15933
6505
13283
13432
14107
3562
3907
8709
1460
13549
1700
18654
18485
14141
20930
487
9826
21967
5973
20512
1719
12568
14046
2291
2785
12715
8380
17853
22671
20924
3603
19297
4021
17388
6687
3304
18014
17034
3342
3764
797
4825
193
9637
3210
21840
2522
15056
13591
5707
4776
9989
8388
5965
12315
3724
4235
11535
13436
16652
23047
5960
2146
8672
22842
12553
6978
17434
10648
17818
4537
2717
14271
19154
11982
5472
4174
13216
3324
7041
4114
14147
24790
8147
17580
14570
13603
20471
23844
16732
17562
2700
13042
8408
17467
9416
7348
19502
17088
13828
341
11127
3467
9646
6690
23095
17527
11768
7119
23584
24635
11438
21422
1196
20259
15835
4473
24911
14888
4563
3709
23428
15659
5425
7634
24514
12571
12104
704
3659
23538
16727
15390
4266
6464
15384
15785
12842
15143
3799
14602
8224
2710
1351
22104
17886
13812
4277
19624
20145
3674
6621
17326
10863
17010
6093
5287
13791
17312
16840
19408
17998
14610
14526
15410
16218
17001
24022
2046
14285
463
5659
2535
1304
10121
7906
21129
6362
24051
9528
4229
15198
19860
12753
17256
12443
6436
20977
15578
21020
22972
23702
23610
14497
13362
19201
11927
14131
22652
4272
8084
12834
14624
20800
17180
20625
22567
19222
3091
13764
5206
20539
5355
5217
22418
8453
104
9025
6271
21943
7524
13199
3178
5980
16761
18383
6207
19330
8759
18209
19724
16678
5317
9299
22549
8910
23253
2911
10736
13463
14652
11414
12291
19479
13641
3669
20588
13871
3259
24916
9474
18368
18699
18517
6956
4962
3402
21372
2180
10387
24478
20121
23275
2655
8682
7857
4642
20556
8798
16567
304
5576
5597
6565
14694
9172
1505
24292
21388
6943
10868
14812
10993
3303
19446
11312
628
24176
24187
19572
949
21477
13775
5095
9856
13884
11314
12663
15216
24822
22431
18212
11720
3172
17737
21305
4758
1283
8913
13951
24253
14984
1939
1780
2179
20042
6930
14525
2848
12742
20601
9128
20143
11286
24293
13660
8868
5614
22326
21462
2948
18883
4233
14253
23942
13798
3824
3747
14787
15954
15694
10113
22908
8959
13761
2041
2768
19019
4341
21751
17996
19089
10722
4539
12734
7675
2083
5294
8969
8751
6559
20669
8654
9156
20795
23521
20075
10041
1987
18042
21343
16284
24939
13529
24377
5993
19781
8186
1795
9890
19664
1309
15895
19725
6348
23694
11320
18843
5571
6095
17482
16143
4472
6354
3853
14938
20324
3683
19668
23926
16316
10707
24748
3909
13291
8544
14402
12449
7008
2408
12693
77
3301
3894
21859
8078
9451
22909
24285
22563
7825
23133
19357
19776
14871
5514
8041
4195
1633
18298
4889
17733
17708
11069
7813
18501
10070
6543
5121
14407
7449
16855
9395
3074
19481
14167
513
16937
183
18783
22180
4761
9573
22792
7757
9060
15668
5952
13075
22435
6255
16159
6345
24541
4024
16162
15200
9043
1704
19528
14973
24722
9478
13677
2607
110
13326
8170
7973
18579
19978
9593
11975
16098
24058
16111
21034
3117
23806
14439
2346
15665
21932
7715
11919
1408
24075
5540
9214
4080
12805
16252
22264
20223
13043
1683
15447
6734
20709
16138
2374
15629
12259
15415
7028
3803
19409
8009
13088
4994
6684
7648
22325
19717
3287
17644
18386
16474
5622
2800
10034
21281
19416
6594
21625
8604
3120
3076
1471
21907
9073
18822
2618
3705
3837
10663
17727
100
21946
23353
24531
6128
2677
10494
19508
7942
13089
18221
5191
23898
9253
4752
11700
8497
5794
10576
1995
21390
17898
9867
11424
5546
3728
20970
5752
11439
14393
12087
14502
21865
6191
14458
20529
11051
11677
24359
19323
22472
16214
18171
5623
24739
4143
9125
14383
22561
19636
16282
23210
12572
21612
6892
16000
11783
390
15341
1899
12840
12026
23704
23459
9487
14992
7110
14018
12623
21119
21523
12624
12795
3203
15242
19243
10446
3597
13327
22609
9475
21725
21297
4009
7146
1230
1415
9744
12850
9701
8279
7950
12293
17955
18748
11878
15831
6365
24443
23946
18395
12690
24589
3651
20544
6299
9928
1128
3516
11387
9381
23939
3752
5754
483
18360
22958
4172
21381
23699
12849
18028
11166
13912
14452
17141
2520
16655
7087
21247
4749
11696
21516
8200
12969
17254
905
18819
17770
4929
9453
22193
13443
10824
14275
11857
21781
6706
23220
826
12082
20683
494
20442
22501
12650
18226
19994
13565
4356
18558
4435
4211
11986
13383
1269
12619
4155
8000
3961
10637
3459
22220
22646
17429
20029
23487
20902
16008
9657
24163
588
12357
15997
15862
24754
15677
12465
9705
15179
33
7382
3299
17565
21002
6791
6988
4254
19133
8350
4200
21995
11861
22600
19677
15362
8724
4862
5551
12998
24830
15049
7824
21771
15624
12708
5422
10143
6374
14830
22313
10328
13129
18353
9087
5357
9307
12244
24379
12519
22850
7873
1014
8975
14667
5939
23517
909
15600
4490
20620
12698
6227
2015
1202
8736
7238
22616
14953
6526
20326
24137
9629
8864
19938
8663
12121
2414
13837
4511
10259
1193
22770
9885
8483
10908
7145
12071
78
16272
17293
10837
18283
17262
924
9373
690
7703
21838
6036
7742
11847
12452
14344
4106
4769
3833
7147
14886
8640
9507
19592
23518
23905
17450
16279
9566
22476
10410
16909
22332
12503
18120
18990
13671
20657
17317
2078
22368
21210
13817
5007
1791
7979
7879
18132
17169
23455
20520
8614
20939
24250
4704
17760
849
15132
1651
9800
11977
13218
4459
19050
19680
1345
6793
14504
4482
20475
15115
4665
24719
18183
1053
18159
24416
12911
12587
2855
7560
15226
8822
3497
1120
6197
1643
22718
13402
12869
6624
11119
7510
6356
16922
19214
18533
17286
23048
6111
16888
2725
519
6855
10056
154
14365
13505
8538
23441
13531
13939
19675
3917
7211
7496
875
21818
23569
7837
5086
14466
22582
19263
3188
227
5000
7124
15589
4728
23741
22686
20280
5629
12422
1994
13954
6337
21107
18918
3678
2777
12924
4331
12618
20227
4359
9553
9054
24682
2793
6675
7775
5749
1015
6047
15754
24497
6937
4589
6132
5959
4503
20949
7384
14629
15815
22819
7283
15543
23411
14664
9440
3515
15927
14925
6435
4506
1901
19735
23341
10129
12294
7587
14676
4395
12829
13659
6156
16081
13192
9560
15340
18188
10348
3257
5405
22135
11793
11280
5089
1119
20065
3748
10895
1040
4613
24027
21386
5956
16493
10457
19100
4709
16243
23895
24563
17838
1967
4050
18494
21568
2920
21009
11151
5170
710
19757
1766
23087
1430
5862
24311
24647
11021
4730
24098
2320
2449
5989
8262
3574
23286
20070
4546
12260
11219
7065
13460
22233
20302
19558
16882
23078
9831
18313
11763
1461
657
8608
7128
3024
11510
8844
17585
19352
24018
7548
12895
6704
20501
9123
23284
11008
10037
15575
17590
19106
21018
20990
11275
6327
948
8152
2188
20436
20036
8275
8569
10093
10458
10575
23480
23839
2753
18146
12282
13252
21017
10645
16828
24463
22475
9861
23738
24946
9933
19912
11273
2394
15220
16582
21342
331
15839
5844
23444
8316
9729
17073
15333
8855
10905
14164
8407
12112
16144
23564
2998
11988
24064
11521
9231
1188
17306
17664
20581
2923
12438
20418
23104
10486
3168
5114
8903
1653
13028
13781
8575
8466
4635
14033
12601
9456
24924
4125
11880
2635
22796
7941
24485
2289
20748
24380
19954
8585
13376
7096
6939
5393
3588
7045
12081
22109
4469
11002
6835
14892
8259
16204
16607
6895
10949
11043
19993
1263
18873
22869
18872
18219
14837
23071
16588
21489
7807
23859
9187
20720
18345
6539
22019
1463
22722
11997
16819
17556
6828
19620
12562
23775
14094
20627
23079
7295
17678
22984
23056
19378
9397
21349
7450
6238
14850
15247
24063
9728
3819
13568
24481
17184
14680
24113
14726
16149
7702
5807
4905
273
680
10854
16777
16959
20282
5140
18520
14446
15007
2651
13559
4285
20516
11171
9748
15521
24480
2564
16719
23348
4676
11221
3608
12325
2732
21148
18709
13015
19829
22545
19427
18736
18936
21175
1816
15344
19136
20526
18191
2979
17974
17658
17875
9010
19734
10723
17411
5402
7667
6204
169
20579
6739
18848
7592
24079
4153
23756
23028
23080
7419
1661
16574
13442
16918
23927
2103
10735
11626
22807
22465
3009
7430
10293
19039
14542
9973
9847
20407
12917
1314
5358
16190
7185
2590
19373
15262
9512
14939
6438
20331
22453
22234
5776
2226
526
4527
2555
2052
20383
4132
1818
23707
12066
17623
22364
9828
14815
12116
20437
4552
1510
18512
12235
23061
20507
12610
6218
5223
9898
9990
11400
12606
17014
863
10974
9521
9529
12792
8871
22331
14593
10408
1692
19653
14768
12169
17097
21852
11776
2153
5343
11964
22339
23632
6965
14406
3780
6830
1575
7360
7229
13118
2547
10977
21465
24081
2575
16378
2112
11859
22105
16551
15311
24012
18497
2503
16354
23297
8171
19491
1254
10002
15625
20890
13668
3232
10073
16095
22852
4946
3958
13136
18206
14017
13653
8673
2549
23191
5789
13275
16469
7080
16639
7748
23725
9749
18111
14451
22002
12139
11894
8315
9819
12692
14577
6869
18868
9764
6173
18745
240
24114
22005
2002
1564
13667
15128
9743
22967
11602
24665
6629
6261
97
10684
16171
10998
2740
6513
7867
4556
3113
18080
4150
20994
23575
20972
21941
2194
14179
6257
22602
24276
997
14501
1605
18832
6870
14034
24465
20565
12995
5493
8877
19067
24942
2402
13296
16914
835
11830
17555
24575
4319
844
15648
7340
14976
20908
8128
2860
22253
14201
2647
5467
10808
7654
14305
8254
22760
16611
4382
22189
19510
8532
8049
3311
17995
14754
5625
24976
21632
21059
18622
20525
14104
3448
13207
22462
9145
24614
22449
18563
11756
18598
573
22130
2902
13036
6803
3560
24095
16116
14019
21614
13854
8318
14473
15718
9305
24091
9356
9211
1849
8086
15518
9842
15647
8617
22473
22210
10737
11502
6741
19365
16714
11805
7818
20346
17524
214
4695
10755
12418
11860
19275
18630
11576
7312
10501
11442
6860
23043
1798
22057
23617
7091
21070
10337
5023
11798
13566
21711
24327
1221
3063
11729
5
22471
6243
22720
4626
2537
2712
15944
6278
7690
5594
23145
5045
13499
4280
24512
21650
4430
17122
21930
2611
21835
23956
23247
13154
8481
23178
11683
13811
10043
6304
19326
8158
17932
13839
9077
6831
108
5144
13691
18326
13881
22156
20923
15775
8623
16034
19227
10593
14718
20938
14805
21956
1953
11733
3522
23604
17924
10477
2355
10238
19742
24908
10885
24347
14079
4237
24974
7641
6043
10251
4401
24034
13830
10229
10549
1004
4652
22470
23894
3740
18672
16436
10936
1677
22524
24408
24223
7743
16643
12185
622
23187
23263
6100
1367
23229
6166
10217
24934
16746
19686
15111
13070
24643
19632
8032
6161
24170
20817
10326
12783
24539
2667
21105
5664
24959
20317
11586
14538
16979
18284
11598
11802
2093
10859
17436
14265
13165
12009
23941
21677
6343
8958
14644
4587
7099
10865
616
9668
13933
16513
24468
8197
11422
3389
13765
10392
18939
20162
10499
4645
10196
775
17079
446
16527
7956
13903
6037
21808
646
22903
10226
19859
19088
23097
1262
2780
7170
8659
21102
5753
16539
11090
1504
1180
17062
17176
7391
24432
12915
14574
2883
14576
4956
12023
7140
14006
11991
18398
16371
23967
13297
23271
8984
7926
22940
3546
24035
18956
10503
13408
14744
19998
17472
13337
16140
4684
10234
13650
17784
8989
2601
17272
10203
24746
2556
8305
18749
3224
22782
9946
6555
16892
8368
17338
19921
16600
12228
21741
6236
6409
17303
998
5183
8384
10529
11912
24696
22710
22442
12103
5653
20956
6064
10221
20725
11728
19279
11344
8017
15597
19722
18010
1386
9011
11437
128
14211
21613
20585
15423
19371
12005
24611
1764
13357
12637
8102
12600
1665
8007
3163
14704
6673
3817
4463
8539
9467
936
1861
623
1859
10891
3661
9780
13769
21008
14515
8121
7612
10530
22015
21762
15457
15367
10652
18541
17094
16804
7866
11623
5850
23508
18862
467
24337
12919
22838
17876
5447
9542
18297
18358
11748
10261
19929
17943
19293
5720
2664
23835
10058
23471
6518
922
19849
22980
11393
21876
18241
7934
20466
15221
12769
15350
4544
362
14987
22286
3321
12419
23211
13521
19587
18980
20643
16701
23674
11114
5041
7584
14771
14291
20677
2097
16972
4252
1889
9266
5696
23633
8198
6553
12652
1459
14044
15428
8435
21403
20425
3998
5244
14035
6048
23479
13123
10024
18997
12014
11901
18927
22455
7339
23716
5205
7786
7224
10692
24688
4624
24054
13652
14817
24694
6216
2694
24341
18952
6644
18131
7974
15147
21552
4679
20833
7936
8566
12594
14962
3876
9517
9652
15744
8952
13943
19890
1948
2940
18881
15917
9279
4907
11488
24821
12847
18750
10005
9636
5319
14049
16728
14875
24884
16277
5028
16223
15679
5876
4413
5177
22759
9052
12968
21938
14297
16608
16164
2554
4522
24371
24290
8836
18774
556
22014
14647
21641
8452
21522
5427
3751
4216
20012
20774
24843
21007
17192
21435
17739
19631
4284
8335
11747
20557
21166
15094
5798
16801
7559
2500
2566
1039
21836
17796
5895
2908
5279
10515
11430
22843
8047
6009
7231
2829
7767
23567
16935
348
23233
9829
8843
12707
23447
11493
22329
16311
5693
7761
4620
2428
22709
1903
6289
14547
9281
14388
14753
16320
8597
12500
5509
2274
21117
11841
6193
11702
899
23695
8565
22067
10447
14374
21095
5182
2608
18371
20094
20909
24969
17694
20887
17682
21060
3194
9666
7776
19351
3083
4017
8639
16524
10945
17687
13581
21824
2419
18236
18624
2435
18382
22074
5248
11467
17771
17548
13083
13412
825
197
20329
23439
9023
14625
5679
18815
11332
16740
23117
809
15923
15763
9309
16163
24928
10958
5523
8808
15162
24593
8947
10327
17363
12296
16873
17732
21630
16595
11690
7958
9029
8076
7487
22965
80
7846
3643
12989
3761
6482
12223
5180
9859
8451
12784
20430
14030
20196
10479
790
17292
15857
16767
12721
1723
20631
6938
9204
7281
11402
21913
1847
5337
9913
16217
17811
20182
9552
10646
1823
16637
14959
22951
23897
3222
6052
23376
2628
3198
7709
2991
13862
19546
16236
7152
11840
4978
498
24554
8110
13265
14252
2058
12789
2552
23478
17311
20030
12493
14379
13492
2672
9374
10792
3923
18266
13645
22798
8447
24607
22288
23283
8970
3069
19591
20667
21029
6007
19755
23374
13724
2125
18314
9009
10013
16006
15451
970
18961
66
21065
11627
20281
21289
5274
24671
23689
13480
9711
576
14066
16511
739
13477
1536
14544
10258
21369
807
1906
13030
8330
3616
8507
10631
21140
12987
7614
12890
6716
583
20367
17751
23039
115
14975
2302
21058
14380
1541
8298
1068
15244
21680
16439
19103
3127
7679
22102
3181
20812
10201
24171
8756
16341
16374
4745
20889
12129
1435
17435
11103
19056
12446
10154
539
21265
10773
4585
20839
13424
6326
24971
8080
16861
23557
7576
7208
4794
1261
8942
2682
18943
10231
23931
19062
15065
7492
22579
21249
1910
2224
8814
10051
19606
22826
20641
9316
6915
6336
12951
6318
16563
23057
4043
12646
6657
22497
19534
13400
2448
10443
14639
7997
13310
22118
2656
16676
22451
3202
12946
24795
20906
7153
11267
8190
5987
24538
21792
1748
7252
6372
560
3251
18584
9551
10545
22461
22739
21447
17271
17891
2814
19569
1056
472
11278
21395
22391
1604
24397
14783
10879
9980
6091
1003
23168
2196
9371
23537
3189
198
18508
15761
10219
23565
18570
9407
14775
14099
16453
7802
17136
10374
19322
15841
21908
8214
6577
8342
742
21540
13709
24782
17227
8831
8264
24907
9966
1170
14784
1085
15820
19058
18455
5677
11448
18625
7517
19974
19493
1865
562
9755
18938
18376
23616
5365
9779
3927
14665
12767
5582
1211
5802
12205
4110
9544
805
3308
4478
22008
11107
17219
10403
20206
19857
5262
13284
2454
19040
23598
5705
6121
16839
5098
4809
7968
7502
22401
20577
7751
20176
8166
6332
1954
16695
21472
4565
12374
21715
13490
925
10866
24028
11774
5743
22560
24866
1116
18907
2157
14447
6386
14918
5374
23821
3663
24486
21453
9901
3996
1223
13370
16866
21924
24150
2377
3556
24026
23469
19007
12758
10522
10636
2867
2340
4795
23737
3671
18420
9954
19084
22031
20682
1675
5146
14660
14682
3543
24983
1934
10574
16329
15939
17155
13321
15776
18645
13430
3949
13869
13114
16627
18500
19681
13047
14195
14745
2001
20790
20827
18524
310
7717
4113
9820
381
6493
7718
13422
19839
19217
758
3916
19300
16859
755
5130
1573
6984
21003
6562
5581
19015
9256
8210
24368
10216
10054
8477
699
2958
19789
7842
13875
23308
11905
23334
21886
8052
13153
13576
6267
14841
4724
20485
15639
10386
19012
15882
8328
24055
8770
15672
12376
24115
11081
15579
7844
16071
9614
243
12229
5097
12337
10065
5069
24269
24061
11718
2123
24733
9006
19229
20410
9345
23243
1483
12272
2209
5829
19567
203
8644
20015
20453
15591
11701
10090
4160
12020
15955
14582
24211
23805
11520
17765
23546
5599
8010
19051
8160
17500
5074
14151
18246
4674
24966
15022
22013
11121
24982
17257
3495
1520
1192
22755
4668
9074
16584
3462
10556
4683
12153
17224
7160
14934
8525
8079
12706
639
21828
17300
6140
1
6896
12306
10715
8816
12970
3888
7861
16372
2299
3199
21683
60
10294
15403
19127
21555
14401
7038
23629
3638
20844
17964
16853
20854
19151
16381
15435
22346
15354
21279
4323
7763
6840
2381
8563
14767
7883
6852
17778
17930
8894
8703
21200
22700
16442
11215
14495
19660
20484
865
8884
6630
16230
24555
20749
14247
2903
3586
5416
2637
1114
16649
9786
19807
18826
6478
4386
16250
9143
8996
1227
1307
9696
9910
5133
2868
18310
21599
9404
915
2835
14891
437
12931
148
14707
10847
2659
3941
7894
5740
17151
23003
91
5639
9213
8496
7750
9977
19650
18195
2524
2769
20257
11204
8209
8045
1895
21439
20084
12612
12743
14289
20566
3580
1881
24779
19925
1549
6379
1545
18741
5516
23896
18656
12405
3832
851
20395
21920
13810
15808
5619
4074
18012
2926
13411
24663
7034
3814
3319
1826
9200
23732
5632
14218
14474
13597
9372
22140
17003
13774
22365
15177
20391
8784
2484
9504
12219
7005
22692
13991
3714
21624
5765
20454
7707
23083
18128
9702
13649
11144
12666
17441
18586
2846
3057
2922
8322
14417
20954
21147
2478
7395
12171
24305
7832
9215
6102
12074
9230
2389
14590
49
13682
22372
23118
18761
8072
1259
6231
13308
1405
16065
17528
24082
20806
1843
22960
8564
13825
11573
2534
21174
35
2533
20314
6325
1988
20189
12748
4347
19711
15099
3212
22915
6340
20919
19173
15092
22848
12938
400
14738
21672
2356
7993
23746
2432
18019
9687
7753
6375
7771
17112
5541
24811
2898
24738
23206
17394
6494
3164
18682
21697
17827
18055
2345
491
1645
17268
8762
3052
15725
13371
13029
10181
14828
13771
17163
376
24517
20382
23423
5332
5909
16709
14481
14705
9271
20731
17282
18216
10954
15335
8108
14678
20387
16304
18321
3723
5453
3359
4349
3873
20719
12628
9868
73
23729
24445
11670
15369
20229
15458
7363
19044
17969
9464
5155
24482
16616
17324
23362
24320
6604
18328
18060
23970
20169
23796
20377
19234
20267
10638
10189
8011
6881
16765
9243
9830
22657
19400
5360
1228
8437
7417
12504
5935
2851
565
12561
482
9746
68
14214
9183
21899
17716
11890
9691
16454
14013
4986
3880
7988
18817
1943
9288
14539
22607
17831
8410
1525
14801
15269
18025
3727
424
666
19566
14234
24854
18043
6380
10461
5811
5269
3470
21633
5169
3062
10956
7565
16308
1036
6911
8420
23438
20920
24596
5691
10902
11481
15227
9242
2316
15807
24057
20690
7317
2317
14571
17406
22943
21057
19116
15160
2505
17925
8896
23287
5099
16782
17072
21469
4308
18712
21054
15102
7293
7660
13355
18335
20687
22606
4841
17923
22405
810
8583
20336
430
16633
8434
10618
11078
3875
14229
19976
10417
3043
2019
24656
280
1388
18478
21495
425
11634
15544
4923
6210
648
21939
19644
4738
5610
22571
12988
11692
10729
20305
18972
23221
19739
5455
2683
10997
16267
4792
18477
14807
24074
23201
13469
4428
368
16167
15526
6377
10068
4008
18636
8998
1720
23288
14115
3355
16197
16549
24467
9422
1625
2544
15635
12814
15320
13399
5661
8767
12442
6125
12525
1875
14994
22625
16685
3703
22380
8060
7933
16085
7758
15714
4908
19458
7469
1443
11377
21244
3281
10818
19485
6086
22312
15492
3134
5568
23394
17893
21037
6975
24342
15075
21788
20875
2878
20763
16530
20108
23052
20491
24083
2070
20665
16920
2122
18079
11916
23965
18847
23070
18415
2993
22533
22650
2032
10662
18044
15603
10291
22240
18901
8546
15004
5077
14711
5978
11004
3429
3851
21323
3585
2229
12015
20200
8895
22068
15285
17416
10875
7638
13961
4178
231
4095
12978
18479
2840
21190
15485
17607
10471
4816
17600
8922
19108
14396
19298
412
24631
3692
7111
12311
2591
17361
24425
7908
2412
5561
24402
7462
943
13738
14896
7296
12127
1972
2088
22812
23179
21994
1277
11015
17490
13582
8393
19599
5504
14055
7396
22257
4056
16666
9342
10330
15293
14273
23838
2257
17594
3991
19073
22232
1127
3329
14411
16889
7724
13185
4810
6347
2604
10907
16326
22559
6296
19605
16628
9047
21091
13788
6575
14730
24346
19026
21189
6981
13065
14181
2596
23889
23385
21201
7791
24852
2107
12514
12806
7267
8094
7287
24862
3754
7000
10601
17159
4279
17695
8695
7586
15322
18793
12640
23249
12923
9848
20434
336
11906
7904
5424
654
22998
12225
1387
17742
20061
3997
4910
19969
8440
12527
15947
2489
9328
23754
2139
22904
9537
19276
15621
10190
20388
21626
965
15382
12579
13341
17328
1394
4188
962
18155
6898
3086
6977
11686
12059
16869
12551
2543
16650
22037
13801
7645
24449
14011
14773
3954
6142
13120
10276
2199
19223
6315
15580
11335
6170
9536
4687
8919
20347
6942
4246
9105
8021
19512
11123
24019
4488
17855
9518
10699
911
15669
6501
19257
24625
305
20799
11235
5818
5324
6967
11010
10011
11621
873
399
4055
14373
19698
24127
8443
2066
2674
5492
6431
19770
17729
2467
21603
7969
23127
10325
5574
6215
14293
8841
6639
14258
6120
17207
7210
1580
3775
11613
14728
24392
718
13046
18093
11399
10132
13872
9541
3314
22789
11703
3367
18977
17908
17866
17726
21463
15484
7029
7910
21979
20180
19209
21486
24495
921
20375
4906
10173
9548
21960
9221
6877
685
21194
14551
3563
6127
23034
2259
23951
5280
13349
18417
6201
6467
10712
11625
3797
15231
2434
11485
2828
22009
20113
17683
2727
15877
17478
3872
10763
8671
3331
4755
8001
22072
23448
1629
13489
17835
8429
4622
12195
13495
1699
24185
7735
21306
4222
17357
17423
7981
5613
14412
9136
19398
4548
17367
22466
8520
18962
7199
22666
24130
13100
1612
242
16246
11184
18763
10188
20172
18165
14378
1206
7928
7972
22502
2134
12007
17182
15519
6676
12711
18513
15735
24769
3702
12370
13105
12114
19175
15643
6510
13826
23049
3260
2951
5295
16779
14064
5883
3346
786
20432
13615
22244
2983
13479
19858
22099
18002
4793
9131
16248
3246
395
5640
8945
10402
7834
12178
7915
19122
3566
22845
20779
17569
24710
12949
18590
16205
15692
5665
9607
7533
17070
8252
21543
10811
7262
3948
22881
22208
7954
18930
10718
12024
8479
21870
3021
21162
24896
15598
11463
3284
7289
4781
6545
7994
2029
22540
23682
5462
1533
13186
18439
1527
12354
1890
7978
21736
11908
17518
9866
18612
20689
4517
149
10283
326
3885
4969
3524
22274
1174
3020
10357
10772
8042
411
23556
3463
14235
5885
18138
17741
2797
5408
2726
14472
15830
2661
6540
9630
20615
19344
21512
6367
8594
16794
9992
1728
17217
15328
11264
10435
5116
2716
4774
13059
22400
5985
489
5211
677
15411
12401
10800
11139
22063
22384
2039
1416
19347
22944
24675
23215
24002
15284
19942
12208
3554
16133
24070
21
15574
11109
12885
19996
20134
17041
10878
15855
22731
3428
21905
24653
4611
15491
14197
21446
8966
17720
19628
8681
18800
14221
17918
4575
19338
15371
3758
19367
16871
7481
14093
20297
24724
13150
23524
23628
11477
22841
19164
18235
6028
3605
23241
8188
8377
14005
17800
7300
12832
16841
5761
20506
5910
14591
9510
7272
19568
3097
16564
8960
7457
23680
21474
9608
23910
13080
3966
17021
19883
1406
21685
16176
8677
4617
22538
18841
6823
10994
12592
23903
8308
20842
19801
1222
11929
19336
1376
24749
16306
4567
15542
3838
7379
2391
6268
6765
5420
24787
6116
2582
4275
5202
20219
6049
22338
9912
19669
3766
7440
24923
21064
12524
7246
15802
18053
13393
13883
18711
22065
5441
23450
3190
13768
9908
9500
18821
8054
16181
5470
12214
19922
6383
2012
6313
15572
13055
24191
9445
12287
3913
23161
5143
8405
14656
2771
4694
12808
15318
20199
9884
17557
1060
21903
423
14798
24529
15036
11717
7810
16211
20177
5495
21116
6856
1974
1195
3789
2657
2676
17915
2901
22168
20040
2266
13388
2613
8916
5100
18949
8921
5648
13048
15774
16370
12888
20756
24772
7003
1281
21756
24863
12820
5699
5008
13001
3488
7646
3089
18072
21885
4787
22861
3415
4967
14961
1971
13061
14803
19387
19672
4405
23733
5156
11643
19997
13957
19504
7891
18207
22262
2443
12705
16912
12201
16475
13267
5303
10987
8151
20617
17063
24921
1682
24929
9589
21454
21223
10122
389
11647
1295
21288
4077
407
15481
17269
16156
3082
11764
22974
11590
5813
17177
15565
12843
3165
13168
14336
5230
18760
22673
21158
24166
11846
7020
15001
3345
796
5165
9116
23532
7664
1392
22356
21353
19302
13132
15912
2400
19233
2087
5826
18288
3665
12894
6607
16261
11416
5529
13264
9976
21769
6123
8830
18874
7572
9750
19550
10445
5341
15688
12196
10604
8925
13758
15464
20138
17752
9628
19242
18248
18293
17404
11741
4536
5615
3332
21269
8698
9927
3957
16288
19643
5466
17145
16604
14585
19756
22032
7024
19389
22987
22016
18530
12631
4789
24476
7467
1270
1287
11666
13710
2597
5649
16175
56
8664
7445
3548
16952
4711
4928
14456
18086
11979
9506
12048
6727
18483
662
10547
4764
21822
1591
24844
19834
18671
14617
10281
24937
11913
6985
18595
10760
17125
14409
22206
13638
1524
3325
5554
5377
9314
17991
18179
15770
23493
10427
19341
11869
21686
939
2527
12696
6528
6980
18154
12499
24789
23823
17379
19190
3449
14316
10470
13583
14159
7984
9055
2513
24089
7688
13193
8986
8758
20237
19115
14843
18582
2897
17828
18357
17264
7796
17532
5214
2598
4342
18640
7542
9127
23254
19454
11605
19532
12137
9329
2128
9741
14928
19183
13409
4353
4196
18048
21855
16992
6529
18173
2008
16939
24785
6085
4788
120
579
11542
21605
3218
13194
8803
18005
19204
7102
14389
4564
14243
16930
14693
1247
434
3070
8716
238
21364
191
4030
179
21735
23377
7302
24197
4380
5460
19194
22167
20735
3648
4350
23312
17307
17892
11272
5601
18846
23002
24899
1160
12106
18380
2624
7606
20268
19258
16886
21063
4053
2243
11984
4696
19633
12068
2282
8828
650
3529
5799
16201
7607
15562
2909
7777
2492
16359
8038
5387
18107
23387
16885
12045
1041
16698
2463
8357
24378
14997
10303
23082
16327
16531
15364
540
13002
19751
11707
10589
994
5339
11694
3019
23920
18202
7332
12967
8633
23184
23209
6766
19586
2387
16358
2876
24534
6071
11348
16813
7054
5005
10036
7250
2574
18522
6384
4960
20991
21430
6168
8304
8478
11656
13092
9482
9258
18593
18472
8794
7545
7266
9650
3736
11543
20781
11281
23936
23239
4175
18429
15823
15611
6517
12537
23372
1338
20773
15908
8344
5937
20737
20175
15514
1808
12142
5556
5452
24993
24690
17164
15046
24039
7636
21028
13767
18394
2795
9002
17802
3943
20618
16635
7909
1417
908
10279
16944
8805
20293
3094
1102
18442
3179
15961
12471
2877
23860
11091
4545
6919
22746
6640
8526
21173
18940
17840
22523
17167
2879
1565
13334
18973
22535
15971
24751
16783
22387
22393
13229
10331
7418
19414
18882
8374
23326
19884
17767
15649
4680
7273
2481
9327
13190
12484
7850
10237
17688
12051
20136
16430
18198
12603
13338
1615
1141
3517
20921
16437
23231
14575
2091
2760
23248
23934
22624
2415
9346
20531
13279
13016
9661
11082
11796
18866
676
21304
5251
4972
14445
6468
9627
6349
1482
24108
9619
1792
8851
15788
23743
14819
8588
19749
14826
23290
2763
14721
23131
6481
157
9961
9280
21644
15137
126
12535
21151
7820
11328
11238
7531
7843
17973
16388
18344
1207
6223
16414
9774
17749
18911
9998
3418
20804
23098
7331
3969
14372
24619
16805
9931
14921
5124
833
20
18733
16003
1214
5461
15205
20063
4921
13503
20563
17178
17339
14865
1205
8178
7731
20220
23919
5386
12436
13953
14811
8120
20695
6324
5928
22829
22147
24172
142
17022
3247
7710
18130
366
5058
6456
17791
18995
23467
983
5381
19348
15052
194
15386
22353
7030
12290
16817
9714
23615
3679
9645
2195
4038
9892
3316
12334
18878
12868
19990
18286
3245
4089
21834
20578
13843
1486
656
9840
22137
22566
11262
20379
23244
798
11811
21704
6617
12378
672
23256
14040
5235
18096
22608
8375
11571
14095
24900
20951
19527
17581
2609
5112
15905
16332
14415
20073
3320
11788
7571
23445
15391
1869
23544
8626
11148
3858
16646
9841
11349
1043
3141
11863
12279
11799
6089
5142
10724
10031
1960
11042
9426
8003
22975
1168
14795
6351
7476
9097
14971
4526
12570
17896
10263
7520
23395
16425
2565
10633
14605
19487
4345
12593
6454
18083
18727
6463
20470
23879
18875
15245
14608
16265
2031
15748
12253
23623
21878
21291
15044
16264
22591
16762
23856
2509
12555
1146
15082
1685
11832
1252
5643
15493
19359
16825
23042
20318
7470
7334
8018
8886
6616
13936
16968
4337
15180
12548
16419
784
11230
20888
8048
1123
13890
21041
18108
8875
23709
8156
8710
9762
2758
20555
21231
22893
22737
2696
5741
23578
14186
22532
2132
8620
4762
4111
4818
13014
16494
22664
17697
21856
706
21952
6159
23203
8119
19798
23008
4023
7012
21933
5431
18619
16579
12751
609
11885
8005
22049
2742
11228
13450
3036
9888
24620
492
12022
20255
914
6370
22398
11957
12470
9604
24954
23566
16773
17627
24745
15614
12819
12065
17040
16247
6080
298
15764
1403
5062
4973
22726
20251
16997
11835
23928
21396
6082
12090
11097
18816
21067
723
16998
6270
24134
18231
22423
15202
13889
13657
21334
19467
12513
8590
4073
4936
13294
21731
8968
6807
17440
9642
13733
19542
12309
17899
22446
16717
13962
11852
12813
14706
14862
12958
16852
7350
7719
9162
15608
8819
3327
22680
14198
1673
24135
24791
15880
15
9351
19630
5868
19413
9618
11159
12375
16554
19862
18695
23436
3650
3791
2962
6451
1981
76
22930
213
23887
22615
13803
21354
22361
18580
3025
11131
9332
15585
17238
20038
15636
9792
12435
20133
15050
19872
14485
16733
1729
14883
5710
2553
3300
8004
20058
5392
8893
5063
24731
13073
21419
2942
13113
17668
17029
14264
18987
1210
12198
1737
3559
19695
1350
14876
7543
9699
24803
20461
14731
5657
10588
18759
369
5376
24987
7682
16146
4547
3891
14280
4137
10577
7428
17078
3537
8555
16848
14630
2368
20595
5864
10965
18731
9383
8136
12332
21087
18644
18431
20880
11517
17481
241
9925
5703
20272
17274
13548
23490
882
24312
5991
3879
20918
9887
3010
11559
21033
6068
4140
295
21853
8414
3800
5478
21717
661
17931
14061
5557
22777
5579
10396
20028
10668
4168
21571
4060
17373
8336
20072
10807
21866
22230
17484
12239
12731
5436
2749
9471
9254
23163
4072
22214
21332
8611
541
18639
12688
20424
6824
16432
17954
24357
7835
367
3258
11575
20238
14633
15889
7647
9330
14385
19984
7929
22028
16420
13417
16622
9712
13989
4214
6087
10032
18532
11405
21481
10456
4934
22143
9056
6848
17477
22483
21042
4059
15662
898
2027
13111
15275
20064
6368
5805
597
11316
2689
9591
6217
18690
5288
21776
19915
17228
2801
10932
386
642
15545
14923
21775
16160
9919
23766
23016
20002
22938
3755
22781
6573
14254
18401
15803
24945
15000
22265
3698
6118
12991
19736
12865
24246
5678
5084
16497
20679
13891
15304
10531
7838
11976
18993
4366
16029
18190
5179
15315
5229
3689
12249
20848
19684
11383
9555
18536
6385
1490
10318
19965
22399
7588
9663
7420
10802
2474
8702
785
22784
12716
3614
13107
10680
21118
2272
12775
13750
7924
15592
1092
15158
1113
10963
8669
16212
10184
24831
17364
8870
13592
11825
5779
11340
19388
1938
23558
10369
24287
5323
16774
9827
13366
7237
22962
10481
20263
13720
8406
8755
14669
13841
4930
13789
8403
10233
3812
18587
8057
17949
239
22809
5439
9285
18071
860
23502
8288
21235
22236
12886
11279
21564
20389
4481
5040
13133
20837
2952
1929
11126
8800
19431
6405
6859
15299
7056
3729
15211
19260
820
6230
14797
19787
16755
6798
5401
3587
9110
6439
14703
1142
23066
13546
16792
9914
20925
11896
11806
5837
19179
7965
22215
7789
5018
6691
22774
21012
12613
9772
582
1718
22677
17817
9297
848
16479
1631
5882
8562
24943
10125
1065
22772
21646
23200
20106
4917
17048
4557
20455
21428
8039
3569
1694
1352
1851
13904
12356
24188
11775
17902
2304
2236
1646
19325
11567
18058
6045
7914
3395
6322
7043
5204
422
10210
4791
6308
23204
7010
4416
4036
13833
10990
15301
20789
4686
10894
18674
8081
8980
8088
9167
10265
8630
12509
13392
9203
13595
10162
9295
6339
20171
12677
13183
5361
21999
397
12999
6420
8251
16669
5873
14653
7226
24192
18029
5724
24446
24438
449
5286
13723
22748
8777
15898
13792
16367
13182
23451
6147
12457
2049
21588
11588
6005
8789
13861
12942
8345
21563
10275
19098
9264
13230
3404
2241
23826
17197
17485
15222
9394
11398
4475
16052
22148
24128
7691
10232
11659
22557
18511
13187
20973
11382
9952
1475
14153
5440
16870
15441
15342
15894
23787
2746
20088
9401
2662
16603
7412
13344
8269
15715
9502
7366
6263
3292
8202
2040
20440
14512
10430
21798
20378
23627
16473
21410
7137
22820
15168
940
19690
22614
5733
10350
8535
1924
3890
24024
20147
5555
8132
20289
20684
11561
1781
10681
20250
9484
23032
21719
2765
20705
4499
7177
6323
15745
22862
11429
1331
18217
14233
14929
5618
23129
19525
24355
24417
2147
21444
10450
24510
3282
16862
1360
4103
2863
21025
24454
4591
12117
3267
24944
7816
23784
5569
22742
1757
15928
363
22728
24594
23883
18464
21653
18781
3385
17865
18799
19072
2135
1864
373
23641
8680
13745
8692
1716
18886
9814
19500
19497
9150
16553
3862
16088
17218
15368
17266
8752
10952
6834
21682
3270
6634
6957
267
14691
16793
22511
24523
23105
11960
5482
2874
24930
4863
1681
13914
20988
7063
14846
12133
23723
5702
19109
14261
10150
12835
14853
4321
8603
6246
17542
14998
8852
20114
3877
16617
4483
185
1411
2516
16158
12877
4661
21860
24984
12794
12256
2271
21450
16043
1169
2050
13500
24220
18278
13959
3322
9018
11738
1821
21217
11487
4005
22506
21917
1550
20393
8657
22051
14250
8165
16076
12412
15934
2515
10299
7880
17989
7439
9282
22790
4707
17353
20898
5977
16462
13454
4313
19329
22116
13752
10560
12914
10989
14615
14589
12040
10436
22161
9081
19221
16962
8974
5363
485
24138
11732
17089
5983
12950
2932
4725
19815
17362
18239
2701
15280
22020
12403
21645
19305
2446
3731
16142
18554
17815
2020
16569
682
17486
3558
6094
2287
4598
21233
19880
16464
5260
6643
3084
221
11966
21676
8125
16936
8647
17617
4817
2164
19156
10886
3601
22516
8534
13435
20353
6717
24460
15834
384
16169
5893
17215
7712
5979
15218
17036
24909
19114
11684
22150
206
8490
24699
14002
20111
18194
4410
23577
14956
16521
14557
15593
5491
22713
14075
2577
17936
13407
23088
6030
16797
22042
3116
7381
11376
22448
22006
1257
10473
4139
24464
19364
2011
7662
6958
11731
8183
1769
13619
18099
24265
17458
16112
8445
18905
14877
12255
13611
22218
652
6810
1553
20142
17512
16965
21545
11829
12596
6213
1312
23242
5997
992
12566
14301
23222
18603
18969
20604
7183
15116
16883
18906
15733
13906
13827
4723
14086
8383
7603
50
21827
24097
21586
16902
1836
8107
938
6014
22021
17740
18696
16120
16337
17812
22231
8058
18789
5395
7692
13103
21832
15178
6865
10166
6833
5296
15609
24372
2427
20999
1396
1512
18476
7320
3636
19464
17064
8454
10364
8943
12108
11269
21493
17935
22120
10930
24396
18687
4375
12854
3788
10913
4063
12485
8457
14058
18859
3262
21043
9679
337
228
4224
6433
19562
10029
7338
22660
18300
18785
9972
14839
7601
8595
21307
16729
21416
21259
6710
514
10757
1346
13694
8655
16090
18327
5923
14111
3962
19953
24925
5897
18100
18200
9003
17630
22276
977
4033
4479
19535
6633
19933
546
20885
21391
3657
164
11967
2943
8586
2572
6769
5685
11447
9498
18916
1407
137
12913
20338
15553
4000
1375
20443
9978
2373
3552
19202
8090
8164
8185
9432
24655
329
23192
3850
12616
2807
4493
17335
17871
3929
1111
2482
383
1936
3971
22408
23432
15098
4270
23124
11562
14863
20768
3596
4494
23149
23336
9782
19707
278
1888
1693
17459
21534
22492
14637
9721
7552
6041
14356
3904
18931
12526
8394
21461
6492
21997
8346
23325
18215
7779
7672
402
6026
6638
2914
6580
9163
8153
3214
5777
1190
13865
17721
2927
321
2720
745
18914
15949
18950
22800
5644
11719
4468
8635
9362
15812
22306
9960
9089
19299
1657
15319
4721
4309
21083
4408
23023
13143
20543
3078
13063
1095
10301
14688
1147
8073
14065
19847
11100
9995
3856
16684
6234
22370
22553
12565
4283
16478
9269
2784
2230
5783
21412
14658
5656
19277
4607
9583
18618
20103
1484
16919
7862
20266
8365
1240
16455
16441
21675
11954
906
23063
3108
15106
24963
13852
4881
16424
11842
10455
14145
22125
4421
9402
2258
22522
20661
12727
8833
17783
20001
11075
2641
7354
23
9283
15685
255
22089
8863
462
6117
4097
1642
18276
2744
15214
10459
16823
11403
3412
21287
12186
4640
24389
6905
13332
19992
22863
15626
24870
13834
21521
22864
24141
15282
19882
16258
3000
6534
24740
8882
22182
7328
8130
16704
3892
2645
13672
13024
229
17583
18890
21811
8189
10659
19031
20414
20857
12859
14695
24714
12415
20374
24824
10510
2573
7409
7570
19891
23022
20010
11028
13122
6018
4066
8901
12749
161
7595
358
14759
19593
1783
22358
16703
21165
12810
6422
9036
9174
10500
18877
11884
1440
24613
72
2630
20519
6017
16413
7260
11031
4599
12339
18827
7766
20013
23130
7101
14484
18550
18779
15406
222
4466
5038
13997
4805
7602
2286
14503
1424
3980
23583
20330
18694
23635
10728
24
918
5022
11483
8837
19625
12061
8413
15925
12604
6390
18040
16189
19284
12641
2392
1907
1672
14513
773
16127
24967
18503
11431
3988
5249
19523
18307
18340
12110
24168
17832
5999
18574
14974
22369
14133
21710
15477
1767
20085
10791
19393
5590
355
16012
13527
853
12961
24110
4202
18112
1853
22661
3492
19022
14428
2276
5819
2129
2570
21643
14090
16328
10690
17015
17175
584
19841
21212
16468
17653
19199
6927
9369
18330
18994
22309
24403
5735
6685
9367
16443
459
21208
16846
11157
17350
774
3664
12203
17035
9793
1697
10781
10267
19871
3830
20123
8518
9247
19028
22617
23771
7253
14573
12542
7411
19517
12881
6169
5304
18007
15557
8169
2283
10918
5627
4569
22736
17053
15828
6427
17466
18147
3058
15731
11558
14080
226
721
22581
19626
21024
21581
13573
21583
15742
6954
393
16062
18324
22228
24629
2939
4462
3192
19245
382
19232
889
780
6282
13972
1173
3914
2007
11026
13228
21494
6189
23120
23715
6658
20187
7590
18642
22663
4274
15708
16117
17665
23631
11020
11454
24786
6023
24592
674
15339
21195
8096
23100
10222
16620
20275
2349
14835
12582
21273
21476
318
2790
15105
15452
20327
3691
12474
18852
15539
19659
12700
20078
5528
2086
21949
5199
20660
11474
2802
6363
22836
9975
18441
82
13823
3008
20066
21457
17610
19688
15852
18466
8697
10220
2579
1897
12241
8069
22275
8099
13
8548
13507
2895
8124
12342
6648
14561
16101
4018
10476
14137
11511
8769
3993
2233
15324
20160
19238
23768
10950
22310
14441
15490
7141
20955
2124
4568
13742
2261
18282
15569
19280
19107
11415
20231
11507
11848
16596
18738
352
15417
17234
20447
7035
9008
19806
24358
23291
19083
23976
5801
2055
12261
23390
2545
22273
20340
24375
1481
15469
16472
3573
2557
14109
15897
10104
20592
87
6
1441
20509
12307
9621
22735
8924
8839
23099
20131
23755
15794
1101
4414
12358
1778
20554
5825
19536
5123
5014
3826
15003
13512
4627
9902
13885
6554
7446
16232
24400
17231
19826
2073
2393
8738
22316
9673
475
17958
14864
10159
8665
6330
1301
15991
15924
11211
1702
15617
532
11381
24429
7197
5544
4700
9177
3968
11285
18474
6552
21459
6818
1991
16147
7676
6190
24687
19319
9640
15210
8487
9943
6172
9493
8387
3484
5096
4883
7642
17109
1401
17873
3542
6707
42
5247
14668
10615
7044
500
3446
10411
14595
17370
2232
11539
19708
5073
5583
5853
15508
4292
24850
14334
12533
16030
11466
14842
5378
21909
17308
7196
19627
12402
15370
23907
12779
11450
20975
510
15155
4058
3174
12733
22315
24603
19451
8552
23708
4322
11932
14155
19478
24720
12898
12006
11503
21687
6245
11888
20776
21000
11879
13642
18377
16961
8631
9632
14471
17259
2671
1597
4042
5345
4530
22166
22949
6867
762
3006
8602
20670
19449
24078
11067
14071
9062
18166
1478
12170
5732
1474
1238
942
11196
20322
13474
11041
20059
19476
1572
23644
4722
18629
7625
3594
20019
21376
24827
24615
5371
9545
13455
1082
3348
23581
1088
13562
7841
4164
20987
8273
3315
23924
17346
757
22806
21800
8788
12344
20810
10017
18534
7335
23880
8456
4857
19622
19470
10765
13911
5872
16971
14778
22222
7
1091
3534
16013
9905
9886
20981
12788
19844
23659
17730
13606
5348
17510
2269
17442
2718
23009
9563
6199
18493
17492
4935
17625
23491
4343
8561
9871
4186
11630
18652
17220
13547
18158
5756
20913
21126
2077
23679
15431
19147
10312
22585
17659
3693
11754
3634
20591
2371
17377
24196
4291
19861
2466
16191
24099
3981
253
7853
14983
18220
24761
9235
856
20207
966
2894
92
24652
17660
23252
23313
5167
10512
17011
19614
6058
21404
6185
4641
353
5969
16847
11456
13319
18451
163
9078
14286
15011
17652
14530
13640
2238
24274
13945
12383
14764
1335
5994
15779
14857
22491
1558
23609
14106
11820
3221
15313
23090
21113
20914
6882
22536
21714
9472
15946
21143
10167
9411
8923
11953
13679
17538
18482
14650
24857
24546
24936
19145
7060
3937
14343
24524
670
7323
4586
3720
24667
5547
14723
24849
18626
4303
3591
18941
11386
14125
22619
22494
24393
21106
589
20112
18498
21431
21209
15434
21134
5521
1212
16054
13938
14638
18797
21319
18295
17327
16760
20473
12320
20450
13060
12730
7632
23992
24823
2270
3248
3252
23825
14774
16305
22519
8662
457
2896
3530
18666
19150
17586
8237
7154
24584
10517
23396
14004
5186
13857
20218
7362
17489
9433
16544
1912
10644
1094
18240
23974
14191
11615
14281
7085
4861
6055
734
5011
13932
6795
11108
46
16038
5704
23761
5738
5003
5651
11737
19141
11254
2869
8579
4912
15716
16121
12510
15953
12893
24742
24218
665
220
17366
13342
521
20256
1978
6989
1623
24131
20929
9488
9773
17392
23171
16375
10115
22295
18527
9945
24262
18156
20104
4584
18634
16943
10897
21075
7441
7746
19017
1185
10198
6090
5612
24968
24602
260
9626
14620
23227
14082
18946
3649
3865
21084
24637
3924
11765
2190
22138
24474
17340
12686
18149
9378
21945
15741
8469
792
15283
1522
14887
6990
3976
6051
13236
9835
18688
18825
21114
9441
5194
19489
23214
19149
5212
10600
4854
59
16025
1731
14645
18213
7525
4519
24124
1382
2221
21123
12464
4301
16096
16066
6137
15405
8821
14827
15012
8468
14312
22860
16730
22866
4619
12165
5812
15909
14834
14311
6696
11644
17096
16625
19694
3641
12392
18117
16483
24006
6143
16244
996
11191
6288
3625
23842
1583
13108
19071
20862
24552
24328
11142
16565
17470
11201
16983
22297
10136
11419
7375
10009
23162
15254
13617
12765
1071
10570
2085
18765
2364
19824
7017
12695
11579
10975
15826
16570
14259
2654
12791
9695
20295
15002
8976
23030
8064
13234
18381
18152
6075
3176
3386
2733
21884
14643
5763
12346
23065
16659
592
5816
21079
9883
15251
10497
23878
5668
12054
22744
15707
1389
23240
18895
16035
19324
6654
21702
11016
2033
16535
19832
3408
20247
19728
11154
18650
8567
957
22073
18518
21593
10614
11174
5988
19054
22083
14269
10365
14836
4305
24612
11156
20405
511
5088
11651
12739
14209
7497
14083
20986
15241
1563
3911
6866
15856
4528
15273
6668
3187
20444
23054
124
21104
364
16905
13403
234
10612
12350
5224
6933
8234
8390
23653
21666
3975
7301
1021
9523
8748
10359
18187
6786
5587
8473
9568
8629
1400
3716
3677
2127
18224
21056
21224
5762
5770
8570
22706
17333
24638
1397
7811
937
10983
17914
15338
3170
10967
6259
7756
8668
20599
9096
24550
24624
15154
21764
11663
3197
9238
9677
16941
14531
16734
7685
1449
21618
15480
8519
18648
7729
11469
9446
18077
14899
21597
3401
5196
1610
9358
12959
4625
15270
3356
478
5056
18718
7815
9031
16790
21774
18296
22847
9181
15314
14455
19793
6249
5306
22317
5479
20292
5366
17127
1567
6333
19648
927
21823
8292
5071
11853
3154
4207
5560
9046
67
10114
6845
357
8582
11955
21314
5742
14202
1733
20952
17172
17092
16560
19128
6258
6880
14655
17464
7073
8489
21026
7109
10678
20091
907
6631
13385
9196
18254
2603
2108
5842
21773
16585
20607
7971
7223
10059
1359
1513
21518
5849
18515
9622
18567
18057
1110
20727
24639
19327
4848
15278
13287
13986
22041
9906
15529
10745
11000
2856
19
8175
7235
21144
11432
23378
377
8240
14763
10086
19269
8036
20794
70
19096
23777
22209
5511
5448
5153
11115
23113
6672
871
18232
1138
1896
17425
1763
19224
16102
14794
22078
14587
19689
6432
2119
11944
5911
21473
125
15814
5477
15159
13258
8256
7615
11296
7473
22181
20896
14032
4869
17210
15992
19085
15766
13629
20441
24858
18851
16256
16463
19674
13413
20995
8137
24975
15965
2260
19363
7528
5136
567
10563
11401
10710
23779
2384
15507
16118
12044
9578
1052
18805
15053
19553
18537
12694
158
3886
17091
17947
2627
8944
19576
15903
16508
21285
20401
17106
6992
22327
20156
23342
24212
15886
19032
8615
15786
9832
2650
17843
14274
1419
4338
6182
15174
18897
8241
20262
4013
17119
14138
3456
963
16231
12456
293
17431
11058
24948
993
15789
5890
13368
2228
1124
14594
15768
543
6598
21262
12945
737
19195
8471
22724
19863
20307
8610
21071
5232
5370
13372
3119
20590
23103
16974
9770
1189
10341
6188
19850
21608
21417
433
3577
19676
19521
13398
22596
7458
8634
15983
11458
22854
13955
22242
7330
4495
10069
4797
14353
793
18661
20855
14762
20003
8817
1624
4847
18937
1796
10701
15054
5020
10394
11801
10992
3255
11220
10606
22493
13778
6192
18008
1867
22857
20960
1904
17883
12801
3156
7784
17773
3627
7144
8962
7951
11818
18003
8399
2691
6266
16896
9994
10762
16150
5264
6994
47
17982
15704
1106
10244
13313
18160
8398
405
24044
660
4498
13433
8776
5185
3579
21570
15343
1957
9535
8537
23452
18838
21985
10164
15867
14510
13713
6635
3125
11923
6625
20901
20420
22035
16621
22342
2715
414
4470
4377
15876
16898
5522
24029
10933
21184
11917
18092
486
12957
16139
1008
2805
17705
19790
23422
21706
24780
22066
14224
7921
1535
17728
854
132
17198
17513
21988
5061
11353
1613
7172
24391
10599
23730
23808
23267
13359
14505
9659
13675
13669
6461
4360
20826
9850
11770
11611
15513
13930
9182
12936
4801
19752
18255
23720
22927
11007
15412
17369
21150
10640
3275
9140
14422
20394
2973
22191
12355
23276
12417
23273
199
9700
4509
22033
10915
19029
12406
1593
14423
6361
14986
9937
2483
7299
13010
572
2104
404
3805
14313
14813
12016
17402
4334
19899
20816
8184
14770
15623
702
9434
1862
21772
3142
24995
21668
13273
9361
10310
6507
16235
9311
22249
8508
21921
19916
13222
17212
8908
5190
8835
5525
9683
2997
20721
22702
2773
13502
1755
5549
12786
8764
6888
11591
6887
22058
12285
319
20996
16953
16161
15883
20458
18170
6784
22001
1093
20708
11089
14560
11145
3861
20518
3607
11970
5584
23612
20624
6755
2821
9468
7051
5926
11063
6476
11504
16630
16103
10980
15306
13544
12483
16322
13459
14282
11833
23736
21533
4656
9313
3656
23599
5263
6837
8706
18403
20629
18820
2017
3717
7725
1010
17522
19429
21944
10996
3493
10119
11045
8258
7989
19003
11949
24979
21492
13721
19874
17847
16063
4185
6659
17185
17374
11583
6453
484
13117
10914
16496
9012
17371
4176
9876
2237
15133
989
5129
12432
12389
18414
800
24947
15240
17882
5713
19244
6061
14136
21623
20421
1819
12119
3905
14873
4173
11597
5851
265
8961
17769
9737
9001
24678
7001
6801
11495
15838
13577
11661
19935
5481
7991
1132
16032
7865
10271
22948
7966
13715
4647
20966
5930
20654
23337
23661
23727
23961
19604
9476
23690
23264
17712
1674
14675
1829
2351
23076
13783
17310
16428
7480
7899
5497
4658
8409
19641
13299
2711
8362
19588
8217
17229
8492
10010
11351
20505
17956
2959
13878
6515
6827
9017
24940
21926
24418
15114
21839
7400
24692
947
13322
12210
12992
22570
20397
10118
16222
24353
22873
4837
13942
559
13098
11546
16832
8327
21667
15950
17076
5927
18361
22217
3238
16977
16598
17290
14584
13859
2109
12478
22750
17878
18178
21179
11038
5586
12264
4126
21615
3610
17895
23468
19210
3254
15550
12590
3951
15192
7674
7248
7583
20702
17325
16623
16916
12764
19137
19418
2265
21743
9347
1097
20770
21302
11036
4191
7693
23940
2113
5746
20402
15494
21213
1544
4213
7652
4959
4390
22144
6206
4328
2184
20415
1167
14613
17937
18334
4075
6413
22968
328
7151
18549
12804
11094
15246
7687
23429
20024
10074
5328
2045
16680
6455
14319
2782
8143
8055
2550
21361
21438
24904
2084
7478
5473
9951
3458
8593
1918
18177
14521
19947
7050
4330
14487
9228
10452
7483
12220
744
3707
416
23513
12760
22654
7239
4678
15810
9964
2831
24627
13860
2285
13893
24431
4044
8297
7759
16219
24597
15705
14900
14287
18336
4768
22931
13276
647
12787
8906
23366
8370
23827
13756
18412
21480
10864
3213
3710
21108
24890
23803
6906
19205
3734
8780
9557
15413
8494
21188
8675
17445
18830
17849
24226
22303
21942
23425
5998
22621
23388
16005
106
4566
17621
17158
4045
24080
934
13246
8138
21328
24668
20878
6136
23255
22691
15286
23523
4385
17987
5148
11350
4048
9897
215
7655
770
22822
24233
135
16224
16349
1740
11585
22420
5718
7058
18023
4354
3624
1608
23938
19651
5429
2956
9176
22409
17012
8207
13600
2548
15470
7472
8694
6897
2853
15948
22634
10657
14729
23106
14262
791
13528
6726
21080
19123
17926
16757
6081
10266
6460
11229
14945
17988
20228
1606
5192
11795
669
19168
21784
2658
9250
5972
1559
3289
17666
16890
17056
13892
16887
340
12602
14749
1891
15351
6817
9716
18684
2090
3535
13219
23282
88
18136
21782
12447
16016
22743
438
37
10172
19354
1932
14999
21421
4937
13188
23134
16711
16084
7165
22853
21738
15440
21983
5919
5760
15448
22855
23995
10489
9061
16274
18714
23588
22547
7665
14021
7084
10235
23367
17081
20192
6396
18725
6805
2791
22883
10001
24604
1885
17235
19411
18649
12388
22261
15489
10381
6144
2342
9366
9556
11866
16492
13511
21539
11902
18026
23351
20481
1229
13470
6165
493
7352
6732
10869
3793
23357
7858
16055
22300
4154
20569
22279
23307
22467
1166
11183
5592
17596
2178
4699
20043
6157
12328
15223
11024
2163
19405
19603
19459
13318
14140
4895
20673
21383
21069
24618
13626
17385
11889
1191
23296
16053
19270
14661
17536
10882
22895
18885
2133
3368
24175
10507
19518
4605
5774
18925
7534
4265
6196
2714
5213
18001
3018
2642
17246
6600
12154
13177
10528
15078
14220
10018
19701
7943
19813
21360
6790
9338
10790
18238
12416
4561
7083
15968
6925
8025
4124
3033
16536
21954
4550
24361
5241
7115
23302
15357
2319
17616
5700
9676
1588
19529
7995
22515
14596
19157
21336
13152
16938
14936
22185
23683
1996
8705
11367
5553
2945
13298
6664
21255
11904
17502
20129
1874
12876
19637
249
19868
302
18965
9188
11870
6722
10689
2757
4521
9151
19294
15655
22268
4240
8417
21097
17551
20031
22530
21248
21375
14825
22132
19309
14189
10516
10432
22098
16799
7378
12057
2344
16807
23867
15743
21656
13141
7808
15678
1961
4875
165
6208
7656
23115
4167
1622
6020
15446
11338
13905
12682
634
16739
7938
13571
17888
3240
13794
24229
24310
5389
5527
2995
18115
3041
18976
5808
5430
3226
12531
5932
5490
15616
13195
24363
14110
19406
13921
14489
17051
9803
13304
24511
11137
12925
24997
2037
24238
11637
143
19296
18137
19692
10064
11983
8245
10304
24859
17438
10842
19665
22046
1676
21778
8248
5646
6689
18894
1892
16086
1518
4115
18752
1739
13257
24557
14244
102
11040
24145
7027
16348
4856
22012
16040
19932
2562
4201
24504
23045
741
6516
22100
14132
5775
21214
12459
16537
19374
2211
20998
15782
12042
2882
1933
17042
18633
17372
18798
3049
20439
9846
19934
22022
12461
3845
6708
17890
11928
14335
10106
6772
14806
2737
876
14207
771
11971
19261
1833
24893
8995
1852
12267
6164
6832
10438
7839
10928
1288
12122
8904
225
2622
21549
19082
24228
12815
7562
15259
20808
20396
11283
7426
18572
11277
14184
13272
22480
8353
7555
16177
2399
19943
22878
63
6033
9353
10761
10178
16325
12263
3836
9292
8219
3476
23514
16366
18145
21777
6886
1824
1562
20007
14129
4340
13996
17476
7673
4903
9497
21010
15038
223
23384
23415
11305
18370
7780
878
21721
7380
5714
15512
23833
14294
24985
12053
13680
12075
11192
4263
2528
11958
21441
3866
23592
17488
2063
17612
4744
12761
16002
10922
17414
1850
5671
15089
23397
995
17461
18828
13040
11434
21501
14955
21049
23216
3953
17179
286
23585
926
20701
4782
7434
7072
10195
20571
21867
22179
2295
2333
11533
13518
95
15310
4508
1844
4452
6341
11537
11339
20856
5595
4819
14540
16744
16857
24456
20686
24636
10360
1125
2907
9739
17860
1186
9869
9210
12759
19948
2115
19888
23084
16851
11085
17852
4392
16064
2335
11358
7845
1178
3811
14163
24515
4373
21699
3403
6618
19091
10320
10856
605
12234
16706
1451
18285
1883
17684
10488
19853
1354
7135
24999
20780
8428
21357
671
7305
69
9524
17305
4376
15209
4130
18445
11252
24535
13458
18050
10568
16426
10439
20861
4123
24065
13542
1380
13793
12128
13027
21131
21424
24021
7833
6627
22898
4551
19957
18101
19287
9987
7425
4090
12584
14007
8683
21160
4039
22122
15051
1839
8006
13091
3485
12780
22030
21374
3733
10939
22832
11973
15181
1412
6941
13250
13112
4753
23051
2935
8549
16015
13151
21452
10862
16427
20962
3737
8574
20190
12892
21968
2227
14394
15576
4423
17946
11172
266
19951
17799
17647
16262
11679
6829
22017
23289
24794
5001
8763
444
186
12556
21766
24041
17643
9365
17398
15836
23511
2704
18453
11897
12908
9808
13009
8495
11779
9380
20674
10513
14781
7227
7461
22141
13428
13770
15045
24980
15778
3952
17491
24030
13110
4708
6054
17965
13397
15183
17487
24848
14399
11920
24576
10308
20141
4208
8442
19855
19211
15195
23902
23504
14037
23060
3256
13923
17858
20045
19064
10280
5475
18757
8173
7540
4750
10123
9615
9725
3027
14995
11181
20532
11739
8878
11214
15072
14416
297
17446
4804
1782
5209
14245
22171
12206
14990
23370
22953
23352
15960
16226
6232
12155
17241
9549
7333
17907
1724
5809
4754
13211
23136
24918
20616
13762
19564
8148
23981
10558
13586
9324
20761
10708
24308
8386
6592
1820
4241
7630
11468
18116
3523
766
19008
21953
9777
23673
8206
2278
18849
18413
6417
14354
20560
12625
13023
6050
200
23172
12028
22584
3567
6328
22
2413
11577
216
21506
15353
7961
9624
1707
14528
16525
1872
12973
3071
21984
11522
17400
18142
23891
19666
5751
20264
21365
18480
1586
64
3183
18378
21970
9034
11198
5795
9239
20006
20343
1989
1809
19960
17245
14618
16109
19328
11240
3143
3834
16022
18963
19537
1409
21607
9098
11541
9730
22740
18095
8897
1313
12496
19714
22805
308
16605
1730
1275
22945
10175
14854
15986
5369
3933
19785
1546
11968
19052
19057
6149
123
23400
21976
13285
17403
7405
2264
17483
7203
5024
18602
24455
12002
21813
22925
5593
11356
10071
17725
24177
23765
21744
1319
16031
8834
3195
10603
24316
11486
803
6224
24420
20076
3572
22639
22872
524
14116
13950
2018
10218
21246
20967
22373
19095
138
14217
12321
3103
9469
21831
24205
11874
18790
1811
4412
629
19979
3902
6998
16522
20216
6124
14438
24350
16036
23339
13918
9561
12143
15728
2899
2917
24834
8320
13636
23139
24922
18186
15712
11578
1902
410
1431
10687
19760
9896
22749
12634
1950
21267
12017
17200
7327
18920
20193
13522
4558
5311
20870
21443
15824
4363
16769
12439
6750
11777
968
22983
23036
19713
19989
6044
13850
10705
19172
6883
7932
1614
16389
6237
101
19182
21471
22733
9781
6619
14906
10467
14720
12825
22707
23295
7284
5219
21611
17692
15689
13594
21359
3017
22443
15252
12529
24837
867
24201
22991
7916
8701
9788
9581
17399
22282
10460
23862
24994
15756
18740
7770
7343
2626
3438
1274
18397
1472
12433
18454
16675
24917
4402
2306
8307
3193
6761
19191
17763
23602
19559
12407
3423
18921
19462
21170
12448
10816
20893
1552
11436
24585
12136
14298
901
23525
9436
21082
7624
65
1654
1233
14562
22289
11839
18801
13325
13532
14558
11809
24427
23381
17984
16908
12308
21051
19878
1332
6073
23750
24053
8503
22219
133
13336
20752
2906
19837
4415
5689
21103
1827
891
15466
23496
11218
1628
18256
18208
7785
12247
5970
19494
7797
1679
17345
874
17255
10144
16461
12001
11531
20724
24898
22645
6135
12126
16915
13311
10924
7738
10496
8735
18679
15016
1473
18858
1285
4454
252
11671
2143
5631
20728
4831
8826
11883
15404
22341
2173
9815
8628
24469
7158
24569
6721
3350
2834
1336
9854
13307
16863
11498
19335
6290
2431
21922
12262
22272
20600
20320
7121
11479
18924
15941
5793
16048
3896
6179
12547
2892
20596
13067
15454
10212
18210
10716
1134
6448
17278
15936
15702
20843
1126
15032
14166
18384
23363
14578
20315
21475
22108
14339
15074
19744
17473
22299
6298
984
13115
3589
18588
23539
15376
20726
6275
9794
7999
2675
21562
9153
12105
5907
2246
24713
16924
1023
6498
17699
5974
4580
23416
8824
6700
14429
2578
10694
9726
24092
10664
24011
20498
4920
12515
4677
11784
12539
23534
8087
20653
12397
15861
20204
20623
5292
19820
17002
6692
24014
23820
15601
21915
90
14808
13007
659
3808
24525
14038
22301
1579
2061
14517
2798
2530
23414
4582
14612
1379
16445
24715
20082
21820
20167
18795
1104
9336
20706
11310
8979
21187
7138
16438
7488
13286
11257
1695
22247
6146
22136
3533
20345
10978
11704
13630
6154
8002
6843
15363
24950
21326
21377
8133
2960
1547
22689
21455
6660
15760
6303
24711
10204
8265
5267
24343
10970
8329
23410
18514
2404
7014
11418
1330
14736
14149
21111
19629
24493
14249
6932
23350
18668
16450
10538
370
9315
24237
11572
6186
6350
16963
5307
10194
23656
12441
17968
7321
13968
2925
13896
4142
4771
1915
21969
23540
8242
23548
287
6968
1937
18669
2406
695
3136
1201
20513
14450
7870
17570
5869
19314
4298
7376
7722
14322
5658
5966
14969
16417
17457
263
22394
408
21313
15634
6024
5630
1968
841
6187
1638
19809
3407
20825
20886
17879
15495
15987
7180
6503
24335
8159
3115
15184
22725
24186
11289
22982
16067
22278
13434
10089
2844
6511
5325
19460
11297
17933
23033
9838
17166
13208
24283
9159
7369
22486
23945
8846
3032
21916
6366
7415
20062
2059
1414
22097
10156
7139
15201
1977
16921
7468
4433
1684
11903
5503
14941
23800
20049
23122
23900
22592
7518
12414
10871
17531
16019
834
17503
10205
20586
3653
15777
13805
21250
5767
10382
6006
10597
14016
4374
14746
13425
10490
1941
24910
20197
2695
2048
14414
19854
13625
9066
19047
11298
627
16771
15295
23226
14516
18546
13886
8982
12800
12559
8174
6603
13050
22357
1696
7046
20325
18754
9447
1139
11130
24338
17934
9470
2721
3216
14777
11631
22314
8272
19683
8266
7282
10342
4076
22667
12280
7996
18192
16864
14134
22885
2043
8700
13620
16070
782
1935
10155
22996
24153
24159
21274
19001
4244
7258
19069
19134
24964
20622
24295
16449
12038
2398
18992
19691
6753
22333
24381
3477
1453
2292
1066
6572
13453
16221
7092
16312
19142
6244
3970
12954
10919
18491
19439
10946
4628
18510
7131
16280
21693
13976
12251
15921
9505
23932
18450
16174
4370
8733
17638
21181
10199
10679
12445
24155
1611
4924
20762
7700
17059
19291
24203
18643
6626
2569
6063
14270
10880
1945
3200
5846
23218
13101
17336
9178
2980
22635
9810
22255
19501
16776
18743
1318
10540
16917
15399
19544
22252
22235
12674
6983
16241
8068
9710
16715
16993
20666
23728
6576
3818
7578
21504
22966
1131
1016
13707
7298
2542
21637
20504
23909
24804
15103
18964
4451
16407
20903
19153
13509
12188
11164
15640
2395
21572
11601
7506
12197
23392
23687
22580
23349
14840
3794
7737
13363
24272
12972
11365
24697
1803
10616
3505
9950
8222
24129
16876
19349
5736
18301
24860
16044
8907
9262
15204
13747
22824
6292
2262
13987
12409
8465
2841
10714
4634
12639
4286
9963
20730
24906
24491
20120
17826
9934
14944
16199
22956
24413
8642
5856
9932
1979
2328
22763
21962
5284
11843
2778
8296
23646
23845
5454
18707
19000
23745
8860
11072
23144
10228
12983
13447
2842
17938
8289
19999
9765
5353
9516
10475
3738
4643
23526
19964
1753
20658
2315
9004
17646
8182
7860
5171
16526
2361
8937
20168
24874
22808
14779
13348
19092
13293
10784
14717
2498
13874
19290
13227
6797
8016
20047
22421
20948
18230
21636
14725
3377
18214
2167
24659
18369
23553
10135
24879
22438
4779
9439
21203
18081
23501
1678
10085
7661
14611
20638
5277
9664
21271
11055
11066
20411
12033
19024
8082
19886
2057
8729
10437
17861
5650
17349
18540
14420
20291
23046
23012
13662
21695
6665
20828
535
9672
15658
14533
14240
7377
8739
22263
8063
3016
6873
1103
11195
9783
13085
21497
10943
4961
21963
16681
6025
21169
1745
19250
15874
7799
8591
17862
10584
23559
10075
18234
6344
13607
16647
15772
13074
16499
16125
9393
4603
2639
432
16046
13632
21629
456
16131
13481
10179
16434
17657
17511
4312
5908
11574
6796
14751
13320
20659
24046
22248
6756
24040
13254
18339
14635
7292
9260
17813
6104
9873
12879
10314
22512
21536
18545
8040
3421
9030
7297
23921
18742
17050
13998
5330
952
21925
14772
23497
16903
12615
21470
12530
3920
19911
3825
16837
14553
8391
8439
4621
1916
11482
18664
10483
14304
10421
21496
3701
9005
4061
14238
18102
2986
17951
731
8560
12585
10120
13701
24693
21519
18150
17758
14935
4633
17587
17199
23407
2985
13365
17433
5498
20119
2703
12830
24332
13064
15654
10812
19771
10416
38
22344
18167
12341
211
23164
1652
14964
7019
5300
22531
5373
22525
20688
14524
13300
10555
14766
21197
1182
14563
21178
8372
14673
251
2336
4952
17276
13578
22649
2794
6285
9392
19272
3457
15587
9713
13053
19020
22085
6222
354
22994
8650
2936
17944
2308
6814
24430
11946
17295
1997
11099
815
14755
4653
23611
6475
17080
12735
18934
9812
1602
7631
3146
7574
14626
7386
22159
5695
10380
18824
24165
4232
1235
7490
10048
18803
18185
18561
16465
4453
18471
12003
15996
12292
17195
24743
12052
21576
1155
14809
10653
4259
17978
13575
14742
2279
4698
13441
21535
2970
8956
4367
16399
16502
9094
11648
4737
24737
24828
18653
9572
16785
18599
9567
24326
23111
8366
1701
9684
8933
3288
7651
448
10174
19401
15091
10590
21660
17410
18125
5451
12855
9503
21993
20155
17046
323
3496
19399
4219
3336
196
9692
24096
16364
13462
12411
20866
14579
13423
16237
7256
2965
14015
21094
15570
7752
944
21747
11302
17315
23259
3867
18989
3712
23625
11545
5604
12000
13780
13809
3048
7053
3364
11175
1439
23930
16416
1980
15379
2347
16023
13849
10284
16402
22754
8053
21295
23382
21732
18245
7198
928
19931
19230
17941
130
21987
12782
15126
1349
8077
7635
9459
23778
1914
10782
3144
6471
23434
5501
21996
5730
18623
20664
5817
1873
21892
3684
8515
13003
17537
3732
15581
697
4839
19080
22867
598
20260
24386
3432
5745
14748
17903
22753
21546
21397
16155
10594
4610
8216
2187
23579
15577
16460
12455
18024
9343
10426
17351
7322
20423
10355
19138
21974
18169
20582
9179
13421
1655
5346
14228
1662
3455
1969
18088
20872
705
15750
24695
20933
22201
24829
9405
1121
19124
8109
5476
17017
12670
24588
8193
23822
8324
24996
24800
9936
946
23089
19612
8030
13440
23328
5347
12398
19981
10057
21398
17285
23963
4993
7022
6955
23474
17788
7156
19241
17723
607
24297
2111
5945
13011
1477
16806
20846
21669
4606
5221
23346
5081
16017
2706
5954
23340
8126
20743
2693
7245
10896
4870
9418
7447
288
12947
10627
6713
756
20753
19907
3150
15806
8122
15232
12035
11074
16893
1557
4449
1715
21280
12588
21266
1635
10345
16663
5329
18416
16795
19060
17900
21871
24394
8163
12660
4940
22003
847
11926
5773
24530
7149
8931
22835
1887
11642
2293
3849
8802
10187
1020
17181
23626
13137
13414
398
4336
7897
6920
24319
20286
3622
23959
14171
141
16550
13751
16180
19207
16410
1118
23077
21940
3107
21825
4181
7394
12404
12678
17642
8290
12891
5727
3635
2643
466
2946
3994
10079
22870
9577
4015
20290
4735
13406
19381
16967
3411
19350
8638
16115
10092
3922
10287
16686
6059
558
24281
8187
17948
17774
6472
2490
14743
7075
21385
19162
23368
7464
14436
8993
20448
6969
13494
21657
5046
18834
22084
18316
19281
11122
20561
6462
14091
13317
21760
10454
24351
16500
11708
2477
15119
18565
21272
16281
9648
24988
8987
23261
15041
8955
9706
21595
9613
22482
4012
5654
8939
14108
20746
201
14670
24475
24855
14405
9120
21491
6305
17703
5240
5064
24666
15568
16816
16814
20361
17880
13960
1744
2850
10030
10623
5384
5450
13235
6484
20254
6302
1489
673
4570
1333
7949
20910
24025
20946
12845
3105
19761
11011
5283
3611
24435
23774
6378
754
19254
22694
18302
18860
4524
9205
12366
2559
11276
6748
12101
19851
3323
17748
4426
7285
6582
11207
10300
18094
21436
5719
8522
13664
9248
2223
7071
13116
18996
22844
20675
2362
6637
11073
5308
9511
19516
7217
1574
5379
6444
12658
5662
5565
11392
9294
12955
19635
3111
22924
6153
23143
13134
13314
18970
14833
16331
18755
2297
17701
19702
6240
4049
7905